X Y mu sigma
0.00196078431372549 -1.2147696907049976e-05 -1.2147645384119696e-05 1.1121520968044855e-10
0.00391390931372549 -1.1967345926677808e-05 -1.1967292244986551e-05 7.199711554911919e-11
0.00586703431372549 -1.178298862214433e-05 -1.1783080171037065e-05 5.890263863628086e-11
0.00782015931372549 -1.1595424439292401e-05 -1.1595443432577546e-05 5.754422176472955e-11
0.00977328431372549 -1.1404727047192864e-05 -1.1404835983178784e-05 5.731407743091863e-11
0.01172640931372549 -1.121173772844486e-05 -1.1211730409639237e-05 5.540547685878591e-11
0.01367953431372549 -1.1016541975550354e-05 -1.1016616764000971e-05 5.2270956724865906e-11
0.01563265931372549 -1.0820102033903824e-05 -1.0820001368878878e-05 4.9059907979169506e-11
0.01758578431372549 -1.0622422450978775e-05 -1.0622405531782863e-05 4.660571538750665e-11
0.01953890931372549 -1.0424514584883582e-05 -1.042436422769057e-05 4.523461955469671e-11
0.02149203431372549 -1.0226387530565262e-05 -1.0226424672679108e-05 4.474387145671901e-11
0.02344515931372549 -1.0029254553955978e-05 -1.0029144918406978e-05 4.4691475786903096e-11
0.02539828431372549 -9.832998330239207e-06 -9.833092294805149e-06 4.4655838522557147e-11
0.02735140931372549 -9.638936717237812e-06 -9.63884188380328e-06 4.4383924853244476e-11
0.02930453431372549 -9.446814146940595e-06 -9.446974890187302e-06 4.381104682997659e-11
0.03125765931372549 -9.25819949770812e-06 -9.258077018391717e-06 4.297830733604292e-11
0.03321078431372549 -9.072576176549774e-06 -9.072736723960023e-06 4.201844840065897e-11
0.03516390931372549 -8.891671313904226e-06 -8.891543529424842e-06 4.107857824460394e-11
0.03711703431372549 -8.714891009731218e-06 -8.715086239689239e-06 4.030270969312904e-11
0.03907015931372549 -8.544078809791245e-06 -8.543951151859017e-06 3.9748098398733715e-11
0.04102328431372549 -8.378586244361942e-06 -8.378720236493694e-06 3.9429416485876384e-11
0.04297640931372549 -8.220109521062115e-06 -8.219969338135227e-06 3.9296634006000024e-11
0.04492953431372549 -8.068165698205121e-06 -8.06826629658344e-06 3.925992532539956e-11
0.04688265931372549 -7.924297278805169e-06 -7.924169141859257e-06 3.926757579711421e-11
0.04883578431372549 -7.788140464981552e-06 -7.788224254790167e-06 3.9219352910231726e-11
0.05078890931372549 -7.66103585192468e-06 -7.660964534621738e-06 3.908124536176429e-11
0.05274203431372549 -7.542796993220691e-06 -7.542907602262924e-06 3.8843015730734404e-11
0.05469515931372549 -7.4346057772345375e-06 -7.434554038222713e-06 3.851138647804116e-11
0.05664828431372549 -7.336326234508306e-06 -7.3363856212569746e-06 3.8127274221732844e-11
0.05860140931372549 -7.2488951445848215e-06 -7.2488636361839256e-06 3.7720144974199034e-11
0.06055453431372549 -7.172338428063085e-06 -7.172427235214363e-06 3.733674246183686e-11
0.06250765931372548 -7.107535111572361e-06 -7.10749183789923e-06 3.701109575366941e-11
0.06446078431372548 -7.054416073515313e-06 -7.054447587205252e-06 3.6762720926087714e-11
0.06641390931372548 -7.013706181169255e-06 -7.0136579126731905e-06 3.660304068761622e-11
0.06836703431372548 -6.985467734921258e-06 -6.9854581362625896e-06 3.651923751712866e-11
0.07032015931372548 -6.970284630369861e-06 -6.970154178446121e-06 3.649126035893408e-11
0.07227328431372548 -6.968090019654483e-06 -6.968021346830884e-06 3.648467438038314e-11
0.07422640931372548 -6.979378667892888e-06 -6.979303222625806e-06 3.647891067376154e-11
0.07617953431372548 -7.004204235272482e-06 -7.0042106521500755e-06 3.6452550695123676e-11
0.07813265931372548 -7.0429177867481485e-06 -7.04292080870246e-06 3.639069467575966e-11
0.08008578431372548 -7.0955434239294846e-06 -7.095576431313518e-06 3.628157194718899e-11
0.08203890931372548 -7.1622143877903e-06 -7.162285099494543e-06 3.61305743768756e-11
0.08399203431372548 -7.243081199703738e-06 -7.243118659004101e-06 3.595138102549749e-11
0.08594515931372548 -7.338031082326779e-06 -7.338112762309904e-06 3.574524857875473e-11
0.08789828431372548 -7.4472318374319e-06 -7.4472665116585825e-06 3.554806212980989e-11
0.08985140931372548 -7.570436082460219e-06 -7.570542244783707e-06 3.5361670319843565e-11
0.09180453431372548 -7.70785663917195e-06 -7.70786538618661e-06 3.5198194516580454e-11
0.09375765931372548 -7.859066499804612e-06 -7.859124473471519e-06 3.5070805352561426e-11
0.09571078431372548 -8.024288945307488e-06 -8.02417125263678e-06 3.499105892244422e-11
0.09766390931372548 -8.202790922950953e-06 -8.202820927119614e-06 3.494639019838719e-11
0.09961703431372548 -8.39502172311768e-06 -8.394852459433873e-06 3.4929194709377604e-11
0.10157015931372548 -8.599969987699296e-06 -8.600009044381532e-06 3.492661465584324e-11
0.10352328431372548 -8.818098649499008e-06 -8.81799862955512e-06 3.493005468487314e-11
0.10547640931372548 -9.048375432030298e-06 -9.048494584887678e-06 3.4918873351444495e-11
0.10742953431372548 -9.291196874983141e-06 -9.291136418673888e-06 3.4899942934003036e-11
0.10938265931372548 -9.545435204927344e-06 -9.545530628039307e-06 3.485084810973123e-11
0.11133578431372548 -9.811352356337013e-06 -9.811251600244351e-06 3.478528055843076e-11
0.11328890931372548 -1.0087756891152821e-05 -1.0087842629824707e-05 3.469795299473048e-11
0.11524203431372548 -1.0374913472332993e-05 -1.0374816952589205e-05 3.459738403233791e-11
0.11719515931372548 -1.0671585187083112e-05 -1.0671658955025555e-05 3.44851999788838e-11
0.11914828431372548 -1.0977940291923003e-05 -1.0977825303213323e-05 3.4379640359187465e-11
0.12110140931372548 -1.1292654562566895e-05 -1.1292746266944151e-05 3.4266743453815513e-11
0.12305453431372548 -1.161598993348889e-05 -1.161582703857254e-05 3.417721211835127e-11
0.12500765931372548 -1.1946400263695978e-05 -1.1946449081536918e-05 3.41121109318845e-11
0.12696078431372548 -1.2284150216146372e-05 -1.2283971542653122e-05 3.4058352873114955e-11
0.12891390931372548 -1.2627614523808006e-05 -1.2627732713361663e-05 3.4025704143379984e-11
0.13086703431372548 -1.2977146070625167e-05 -1.2977051533455828e-05 3.401864083869163e-11
0.13282015931372548 -1.3331078662304208e-05 -1.3331229057528057e-05 3.400539318803208e-11
0.13477328431372548 -1.368957236991264e-05 -1.3689550056243355e-05 3.401510863633151e-11
0.13672640931372548 -1.4051123798708431e-05 -1.4051284503436727e-05 3.401157606714176e-11
0.13867953431372548 -1.4415691111935303e-05 -1.441568921649366e-05 3.400185960947128e-11
0.14063265931372548 -1.4781856407353189e-05 -1.4782009379620455e-05 3.399214037440741e-11
0.14258578431372548 -1.5149411410675384e-05 -1.5149480159944503e-05 3.396031252063565e-11
0.14453890931372548 -1.551712557557039e-05 -1.5517328316001356e-05 3.391517193124379e-11
0.14649203431372548 -1.5884761523921043e-05 -1.5884773769261696e-05 3.386731043387654e-11
0.14844515931372548 -1.62509641086217e-05 -1.6251031208022153e-05 3.3805166898588794e-11
0.15039828431372548 -1.6615387721685693e-05 -1.661531165281134e-05 3.374824981408695e-11
0.15235140931372548 -1.6976886399788782e-05 -1.697682404621191e-05 3.367696818457297e-11
0.15430453431372548 -1.733490171318408e-05 -1.733477682730493e-05 3.3622514395939584e-11
0.15625765931372548 -1.768850597727578e-05 -1.7688379446588815e-05 3.3568867120416875e-11
0.15821078431372548 -1.8036973415291868e-05 -1.8036843917101143e-05 3.352947123163593e-11
0.16016390931372548 -1.8379525499767624e-05 -1.837938633010991e-05 3.349810050706669e-11
0.16211703431372548 -1.871545464382507e-05 -1.8715228345161586e-05 3.3482852692939257e-11
0.16407015931372548 -1.9043807697016746e-05 -1.9043598582448375e-05 3.347388014603191e-11
0.16602328431372548 -1.9363948013051413e-05 -1.9363734175114313e-05 3.3469392970560875e-11
0.16797640931372548 -1.967497883015312e-05 -1.9674882079330796e-05 3.347118791293583e-11
0.16992953431372548 -1.9976261683041226e-05 -1.9976300475666426e-05 3.347298275905948e-11
0.17188265931372548 -2.0267096260795373e-05 -2.0267260119839304e-05 3.346670037649337e-11
0.17383578431372548 -2.0546791347442198e-05 -2.0547045633318445e-05 3.3464007565773315e-11
0.17578890931372548 -2.0814670278923586e-05 -2.081495672173976e-05 3.3457723497928275e-11
0.17774203431372548 -2.1070067305117842e-05 -2.107030949502915e-05 3.343077839933348e-11
0.17969515931372548 -2.1312178432708603e-05 -2.1312437520458575e-05 3.341370193162736e-11
0.18164828431372548 -2.1540485249715854e-05 -2.1540693043052824e-05 3.337952278802425e-11
0.18360140931372548 -2.175430563511327e-05 -2.1754448006888893e-05 3.334080413133046e-11
0.18555453431372548 -2.195304841734469e-05 -2.195309516053271e-05 3.330835389792727e-11
0.18750765931372548 -2.21360896830447e-05 -2.213604894039221e-05 3.327496929243925e-11
0.18946078431372548 -2.230287645943463e-05 -2.2302746496102974e-05 3.3233417342374514e-11
0.19141390931372548 -2.245277755719144e-05 -2.2452648482396973e-05 3.3210812955828696e-11
0.19336703431372548 -2.258552376588341e-05 -2.2585239935255398e-05 3.318547776353071e-11
0.19532015931372548 -2.270013101224322e-05 -2.2700030982471803e-05 3.317370841856218e-11
0.19727328431372548 -2.27968193939887e-05 -2.279655760957997e-05 3.316736934912794e-11
0.19922640931372548 -2.2874382921145298e-05 -2.2874382225223858e-05 3.316193489659154e-11
0.20117953431372548 -2.2933298168936744e-05 -2.29330943254667e-05 3.316193489659154e-11
0.20313265931372548 -2.297221908520441e-05 -2.297231092452765e-05 3.316827500464996e-11
0.20508578431372548 -2.299181687703822e-05 -2.2991677137370068e-05 3.317008624151164e-11
0.20703890931372548 -2.2990723664406687e-05 -2.2990866449922838e-05 3.3171897379476974e-11
0.20899203431372548 -2.2969707060838118e-05 -2.2969581204713636e-05 3.317642479182517e-11
0.21094515931372548 -2.2927317331777882e-05 -2.2927552783310644e-05 3.316736934912794e-11
0.21289828431372548 -2.2864614948048253e-05 -2.2864541880935234e-05 3.316374647971799e-11
0.21485140931372548 -2.2780090148444287e-05 -2.278033867320402e-05 3.3152875496095597e-11
0.21680453431372548 -2.267492345708888e-05 -2.267476296076866e-05 3.313384269239956e-11
0.21875765931372548 -2.2547441403730772e-05 -2.254766419179366e-05 3.311752015470953e-11
0.22071078431372548 -2.2399075533030555e-05 -2.239892151694948e-05 3.310118956820894e-11
0.22266390931372548 -2.2228232410270717e-05 -2.2228443745099654e-05 3.308848242869232e-11
0.22461703431372548 -2.203629082941916e-05 -2.203616925498564e-05 3.306668740002687e-11
0.22657015931372548 -2.1821799236931838e-05 -2.1822065864959126e-05 3.3055784496812414e-11
0.22852328431372548 -2.1586209186352786e-05 -2.158613068143317e-05 3.304487799626914e-11
0.23047640931372548 -2.1328125512809496e-05 -2.132838986544334e-05 3.3033967894833954e-11
0.23242953431372548 -2.1049076167400926e-05 -2.104889841089796e-05 3.302578295352551e-11
0.23438265931372548 -2.0747504095197652e-05 -2.07477398014121e-05 3.302669249161945e-11
0.23633578431372548 -2.0425275579327717e-05 -2.0425025750544365e-05 3.302669249161945e-11
0.23828890931372548 -2.0080738977412697e-05 -2.008089579619715e-05 3.3033058557062265e-11
0.24024203431372548 -1.9715855160029605e-05 -1.971551693002614e-05 3.304124169606597e-11
0.24219515931372548 -1.9328997950651683e-05 -1.9329083177073133e-05 3.3046695996325325e-11
0.24414828431372548 -1.892219006549567e-05 -1.8921815135536805e-05 3.3056693209429165e-11
0.24610140931372548 -1.8493912648409605e-05 -1.849395949680947e-05 3.306305349843889e-11
0.24805453431372548 -1.8046088371193036e-05 -1.8045788570358725e-05 3.306668740002687e-11
0.2500076593137255 -1.7577411199454218e-05 -1.757759968217607e-05 3.306850420107217e-11
0.2519607843137255 -1.7089878383558244e-05 -1.708971471545211e-05 3.306668740002687e-11
0.2539139093137255 -1.6582223906880245e-05 -1.6582479437345925e-05 3.306668740002687e-11
0.2558670343137255 -1.6056430467870086e-05 -1.6056262937192574e-05 3.30648704991546e-11
0.2578201593137255 -1.551121022203006e-05 -1.5511456985547176e-05 3.3054875759214227e-11
0.2597732843137255 -1.4948654097679537e-05 -1.4948475367560457e-05 3.3048513896373256e-11
0.2617264093137255 -1.4367564290296286e-05 -1.4367753210187112e-05 3.3033967894833954e-11
0.2636795343137255 -1.3769883480563294e-05 -1.3769746248896288e-05 3.3033058557062265e-11
0.2656326593137255 -1.315469853579998e-05 -1.3154930133389912e-05 3.302760200466586e-11
0.2675857843137255 -1.2523880286607891e-05 -1.2523799615646874e-05 3.302396380218681e-11
0.2695389093137255 -1.1876672942889854e-05 -1.187686779717455e-05 3.302396380218681e-11
0.2714920343137255 -1.121477998822229e-05 -1.1214665283826228e-05 3.3032149194257526e-11
0.2734451593137255 -1.053754112945171e-05 -1.0537739370872763e-05 3.3034877207574666e-11
0.2753982843137255 -9.846726243267767e-06 -9.84665314740335e-06 3.305305820906526e-11
0.2773514093137255 -9.141818736679854e-06 -9.141984583504656e-06 3.30648704991546e-11
0.2793045343137255 -8.4243756646174e-06 -8.424325644637023e-06 3.309302125293126e-11
0.2812576593137255 -7.694136911595706e-06 -7.694281288452882e-06 3.3098467020432474e-11
0.2832107843137255 -6.952574494789587e-06 -6.952468524006603e-06 3.31202411362816e-11
0.2851639093137255 -6.1994255702302326e-06 -6.19951536186926e-06 3.313565581137503e-11
0.2871170343137255 -5.436213996290462e-06 -5.436059828739932e-06 3.3151969419885147e-11
0.2890701593137255 -4.66260826215148e-06 -4.6627488553912176e-06 3.316284070052491e-11
0.2910232843137255 -3.88045737054199e-06 -3.8802372558957685e-06 3.3172802911378586e-11
0.2929764093137255 -3.0890666948835133e-06 -3.0891866015131097e-06 3.317370841856218e-11
0.2949295343137255 -2.290496922796592e-06 -2.2902641070589648e-06 3.3172802911378586e-11
0.2968826593137255 -1.4840575204289053e-06 -1.4841415222041243e-06 3.3171897379476974e-11
0.2988357843137255 -6.717271503475786e-07 -6.714939936615462e-07 3.316284070052491e-11
0.3007889093137255 1.470118178303892e-07 1.470010884095135e-07 3.316465223417281e-11
0.3027420343137255 9.70499854702211e-07 9.706652324477632e-07 3.316284070052491e-11
0.3046951593137255 1.7988470517593669e-06 1.7988199760036711e-06 3.316736934912794e-11
0.3066482843137255 2.6307604912290117e-06 2.6307880378966784e-06 3.3172802911378586e-11
0.3086014093137255 3.4659169614315033e-06 3.4658944454708497e-06 3.318909826078821e-11
0.3105545343137255 4.303502919356106e-06 4.303467659248238e-06 3.321443069145554e-11
0.3125076593137255 5.142870122654131e-06 5.142840638004692e-06 3.3238840107743456e-11
0.3144607843137255 5.983356004435336e-06 5.983351965686999e-06 3.327045528993697e-11
0.3164139093137255 6.824362117185956e-06 6.8243468558956055e-06 3.33047463647316e-11
0.3183670343137255 7.665240445930976e-06 7.665178185732982e-06 3.3339903162443745e-11
0.3203201593137255 8.505249752488453e-06 8.505207487973084e-06 3.3380422687540166e-11
0.3222732843137255 9.343851161247585e-06 9.34380586486601e-06 3.3412802928413864e-11
0.3242264093137255 1.0180367098655552e-05 1.0180354923099475e-05 3.3435270757067627e-11
0.3261795343137255 1.101431371353101e-05 1.1014247606065134e-05 3.3452336214502657e-11
0.3281326593137255 1.1844898835988715e-05 1.1844888958761673e-05 3.346580279699511e-11
0.3300857843137255 1.267174866370624e-05 1.2671696946520792e-05 3.3472085348028104e-11
0.3320389093137255 1.3494070117303636e-05 1.3494103081502467e-05 3.346580279699511e-11
0.3339920343137255 1.4311573977465741e-05 1.431155308316805e-05 3.347298275905948e-11
0.3359451593137255 1.5123386219784152e-05 1.5123507444351703e-05 3.346580279699511e-11
0.3378982843137255 1.5929450455587357e-05 1.5929441933903737e-05 3.346670037649337e-11
0.3398514093137255 1.6728712580516003e-05 1.672884803040509e-05 3.348016118135069e-11
0.3418045343137255 1.7521380868856795e-05 1.7521233323554203e-05 3.349720376895549e-11
0.3437576593137255 1.8306087440578267e-05 1.8306121802957383e-05 3.352588749164796e-11
0.3457107843137255 1.9083272491116077e-05 1.9083054123942893e-05 3.356976194420838e-11
0.3476639093137255 1.985155358852353e-05 1.9851587795348734e-05 3.361983406528528e-11
0.3496170343137255 2.061149280052632e-05 2.061129727252795e-05 3.3677860136109545e-11
0.3515701593137255 2.1361649487516843e-05 2.1361774040621828e-05 3.374646960837219e-11
0.3535232843137255 2.210272941738367e-05 2.210262658316317e-05 3.380960951053004e-11
0.3554764093137255 2.2833346520201303e-05 2.283348035169514e-05 3.3866423471957396e-11
0.3574295343137255 2.3554066501674242e-05 2.3553977594485794e-05 3.3920485706745454e-11
0.3593826593137255 2.4263634259114042e-05 2.4263777209530584e-05 3.3961197030461964e-11
0.3613357843137255 2.496255729056429e-05 2.496255449862569e-05 3.398860541803612e-11
0.3632889093137255 2.5649849703768268e-05 2.565000085560135e-05 3.400362644465184e-11
0.3652420343137255 2.6325815269956365e-05 2.6325823465895264e-05 3.400980964495006e-11
0.3671951593137255 2.6989593607140705e-05 2.6989744882231734e-05 3.400892639944875e-11
0.3691482843137255 2.7641559427138418e-05 2.764150262052671e-05 3.400892639944875e-11
0.3711014093137255 2.8280774131417274e-05 2.8280848637568628e-05 3.401510863633151e-11
0.3730545343137255 2.8907725209137425e-05 2.8907548893834223e-05 3.403364860893363e-11
0.3750076593137255 2.952132672362495e-05 2.9521382708459894e-05 3.406276246346878e-11
0.3769607843137255 3.0122282623779032e-05 3.0122142230998643e-05 3.411299150575642e-11
0.3789139093137255 3.070951788686216e-05 3.07096318332889e-05 3.4178969888924525e-11
0.3808670343137255 3.128373282379471e-05 3.128366738953082e-05 3.4271126231022645e-11
0.3828201593137255 3.184390880051069e-05 3.18440756618927e-05 3.437352368508006e-11
0.3847732843137255 3.2390733395004645e-05 3.2390693609952914e-05 3.448868403627589e-11
0.3867264093137255 3.292322071501985e-05 3.292336761754568e-05 3.459998863596516e-11
0.3886795343137255 3.344205833855085e-05 3.34419528074499e-05 3.470228131171791e-11
0.3906326593137255 3.394617306184955e-05 3.394631225503303e-05 3.478614409174086e-11
0.3925857843137255 3.443645982770249e-05 3.443631625842603e-05 3.485171001845064e-11
0.3945389093137255 3.4911725379060954e-05 3.49118415755244e-05 3.489649993661548e-11
0.3964920343137255 3.537293741828762e-05 3.5372770607843304e-05 3.4916292535238795e-11
0.3984451593137255 3.5818877222482115e-05 3.5818990671369484e-05 3.492489451426492e-11
0.4003982843137255 3.625050521804951e-05 3.6250393246425664e-05 3.492059378961721e-11
0.4023514093137255 3.666674456326291e-05 3.666687318471353e-05 3.492661465584324e-11
0.4043045343137255 3.7068453821120784e-05 3.706832797305697e-05 3.4943811414470576e-11
0.4062576593137255 3.745455978787504e-05 3.745465703878188e-05 3.4994492616473634e-11
0.4082107843137255 3.782595376833342e-05 3.7825761048156594e-05 3.5077656792011905e-11
0.4101639093137255 3.818162076640874e-05 3.818154121143318e-05 3.5199901302592684e-11
0.4121170343137255 3.852216832456179e-05 3.8521898673700735e-05 3.5360820841245885e-11
0.4140701593137255 3.884682519128546e-05 3.884673392621851e-05 3.554552699647279e-11
0.4160232843137255 3.915610068361275e-05 3.915594624432195e-05 3.5748609832095995e-11
0.4179764093137255 3.944947093259543e-05 3.944943321435653e-05 3.5948038731897976e-11
0.4199295343137255 3.972714694100432e-05 3.9727090271105445e-05 3.6133068462708617e-11
0.4218826593137255 3.998871397925541e-05 3.998881037705244e-05 3.628488351820238e-11
0.4238357843137255 4.023444853373803e-05 4.023448368505776e-05 3.6391520114265336e-11
0.4257889093137255 4.0463874029228464e-05 4.0463997312234196e-05 3.645502275281706e-11
0.4277420343137255 4.0677099605090916e-05 4.067723522925472e-05 3.647891067376154e-11
0.4296951593137255 4.087387787876651e-05 4.0874078193835476e-05 3.648467438038314e-11
0.4316482843137255 4.105417610844597e-05 4.105440377138484e-05 3.6487144261649656e-11
0.4336014093137255 4.12178851547651e-05 4.121808649664138e-05 3.6516769806550653e-11
0.4355545343137255 4.1364772187080234e-05 4.136499807881024e-05 3.6601399332458e-11
0.4375076593137255 4.149486994720064e-05 4.1495007734655827e-05 3.6762720926087714e-11
0.4394607843137255 4.160784010309726e-05 4.160798262991739e-05 3.700866083985528e-11
0.4414139093137255 4.1703813622007146e-05 4.1703788429385917e-05 3.733352419329131e-11
0.4433670343137255 4.178228118689731e-05 4.178228993465479e-05 3.771855223082351e-11
0.4453201593137255 4.184351928415708e-05 4.184335177670894e-05 3.8127274221732844e-11
0.4472732843137255 4.188698949292302e-05 4.188683933802295e-05 3.8517625918558103e-11
0.4492264093137255 4.19129355577752e-05 4.1912619612035075e-05 3.8846108943220355e-11
0.4511795343137255 4.192080450593494e-05 4.192056232530406e-05 3.908355115332115e-11
0.4531326593137255 4.19108328060247e-05 4.1910540940172427e-05 3.9217821053853436e-11
0.4550857843137255 4.188260209048167e-05 4.188243395667149e-05 3.926375074759198e-11
0.4570389093137255 4.18362942582462e-05 4.183612606886765e-05 3.926298569297059e-11
0.4589920343137255 4.1771476389840245e-05 4.177150957238221e-05 3.929128279279267e-11
0.4609451593137255 4.1688468627398834e-05 4.168848567577469e-05 3.9424083295853414e-11
0.4628982843137255 4.158681258559227e-05 4.158696592668063e-05 3.974583115985336e-11
0.4648514093137255 4.1466821130597964e-05 4.146687360883768e-05 4.029972828243602e-11
0.4668045343137255 4.132793765165843e-05 4.132814522306181e-05 4.1081503131805095e-11
0.4687576593137255 4.117062781006098e-05 4.11707318463604e-05 4.201630367215794e-11
0.4707107843137255 4.099439684068784e-05 4.099460057804207e-05 4.2975511544377187e-11
0.4726639093137255 4.079968130099587e-05 4.079973590086079e-05 4.381310370273087e-11
0.4746170343137255 4.058597551193088e-05 4.0586140952455166e-05 4.439204559704187e-11
0.4765701593137255 4.035387610201724e-05 4.03538387900175e-05 4.4657183841325356e-11
0.4785232843137255 4.010280827060342e-05 4.0102873529376156e-05 4.468878717352801e-11
0.4804764093137255 3.983346323366277e-05 3.983331135781397e-05 4.4743200105633676e-11
0.4824295343137255 3.954518251703121e-05 3.9545241479523574e-05 4.5235947660498746e-11
0.4843826593137255 3.923895565094426e-05 3.923877689925535e-05 4.660507085649219e-11
0.4863357843137255 3.89139968319796e-05 3.891405498864278e-05 4.905929569084704e-11
0.4882889093137255 3.857145566144027e-05 3.857123803221721e-05 5.2278426918632624e-11
0.4902420343137255 3.821045538643375e-05 3.821051346504107e-05 5.540385035556295e-11
0.4921951593137255 3.783228021347895e-05 3.783209397561458e-05 5.731355332305545e-11
0.4941482843137255 3.743607521755621e-05 3.7436217411431786e-05 5.754474377170333e-11
0.4961014093137255 3.702322646859102e-05 3.702314648887842e-05 5.890365856889976e-11
0.4980545343137255 3.659291178337298e-05 3.6593168259742e-05 7.199294323034071e-11
0.5000076593137255 3.614669549278915e-05 3.614659341286804e-05 1.1121629005337572e-10
0.5019607843137255 3.568376268958673e-05 3.5683755339198554e-05 1.8423148207711984e-10
0.5039139093137255 3.520557947922498e-05 3.520500900284506e-05 2.9673390284104665e-10
0.5058670343137255 3.471156014711596e-05 3.4710729552186706e-05 4.5713240676722916e-10
0.5078201593137255 3.420320354052819e-05 3.420131081621395e-05 6.766507486946735e-10
0.5097732843137255 3.3679985790513456e-05 3.367716357779486e-05 9.690808655937434e-10
0.5117264093137255 3.314345303806476e-05 3.3138713625895146e-05 1.350783531370444e-09
0.5136795343137255 3.2593205105513334e-05 3.258639970996916e-05 1.8408328008604174e-09
0.5156326593137255 3.203090454917401e-05 3.202067131155606e-05 2.461251387316482e-09
0.5175857843137255 3.145611844956875e-05 3.1441986292320276e-05 3.2372405737096053e-09
0.5195389093137255 3.087050572503358e-05 3.0850808441893356e-05 4.197453728114825e-09
0.5214920343137255 3.0273802622105e-05 3.0247604920101034e-05 5.374266223681205e-09
0.5234451593137255 2.9667782655451447e-05 2.9632843670078535e-05 6.8040610435544065e-09
0.5253982843137255 2.905221117543988e-05 2.9006990779932547e-05 8.527503937741284e-09
0.5273514093137255 2.842892354237847e-05 2.837050780750572e-05 1.0589824093836265e-08
0.5293045343137255 2.7797696020570587e-05 2.7723849170473368e-05 1.3041094292818535e-08
0.5312576593137255 2.7160496756550856e-05 2.706745956148985e-05 1.5936489541010427e-08
0.5332107843137255 2.6517047444940545e-05 2.6401771415803787e-05 1.933656154003173e-08
0.5351639093137255 2.5869427190627903e-05 2.5727202545758184e-05 2.330746448695736e-08
0.5371170343137255 2.521734859328717e-05 2.504415380270974e-05 2.79211978408514e-08
0.5390701593137255 2.4563103579566814e-05 2.4353007045975706e-05 3.325581146884255e-08
0.5410232843137255 2.390632471360732e-05 2.365412311922794e-05 3.939558579304119e-08
0.5429764093137255 2.3249240257428028e-05 2.2947840214479595e-05 4.643120751499569e-08
0.5449295343137255 2.259164466522634e-05 2.2234472339655518e-05 5.445988323372847e-08
0.5468826593137255 2.1935778931947425e-05 2.1514308123994494e-05 6.358545162443363e-08
0.5488357843137255 2.128136475221254e-05 2.0787609827910852e-05 7.39184448719721e-08
0.5507889093137255 2.0630710423574783e-05 2.0054612736725075e-05 8.557611339771055e-08
0.5527420343137255 1.998362859012559e-05 1.9315524777471797e-05 9.868241228708943e-08
0.5546951593137255 1.9342394807608798e-05 1.857052652871655e-05 1.1336794809925427e-07
0.5566482843137255 1.870671803771984e-05 1.7819771469359763e-05 1.2976987065062674e-07
0.5586014093137255 1.8078902940033004e-05 1.7063386681719683e-05 1.4803172913773042e-07
0.5605545343137255 1.745864028634969e-05 1.6301473778369616e-05 1.6830327164389893e-07
0.5625076593137255 1.6848327504703775e-05 1.553411024195597e-05 1.9074018975030358e-07
0.5644607843137255 1.6247491657850333e-05 1.4761351046655705e-05 2.1550383036151892e-07
0.5664139093137255 1.5658548363717273e-05 1.3983230629313398e-05 2.427608312087389e-07
0.5683670343137255 1.5081004676176235e-05 1.3199765175391558e-05 2.726827199900229e-07
0.5703201593137255 1.4517208001052495e-05 1.2410955165911273e-05 3.054454561415531e-07
0.5722732843137255 1.3966497135697864e-05 1.1616788245976263e-05 3.4122892282963674e-07
0.5742264093137255 1.3431265870167408e-05 1.0817242326191035e-05 3.8021636272685336e-07
0.5761795343137255 1.2910763871332165e-05 1.0012288906987118e-05 4.225937669206961e-07
0.5781326593137255 1.2407539543346502e-05 9.201896635335627e-06 4.6854922115428216e-07
0.5800857843137255 1.1920487850147765e-05 8.386035002787277e-06 5.182721969167191e-07
0.5820389093137255 1.1452208127593622e-05 7.564678222752833e-06 5.719528078448194e-07
0.5839920343137255 1.1001511666108854e-05 6.737809183948061e-06 6.29781021589669e-07
0.5859451593137255 1.057088502420811e-05 5.905423494389791e-06 6.919458366449733e-07
0.5878982843137255 1.0158867553400341e-05 5.067533560258392e-06 7.586344281998205e-07
0.5898514093137255 9.768027666723356e-06 4.2241726701763975e-06 8.300312635981564e-07
0.5918045343137255 9.396766472491436e-06 3.37539901415491e-06 9.063171969958998e-07
0.5937576593137255 9.047626917890739e-06 2.5212996592108803e-06 9.876685428837877e-07
0.5957107843137255 8.718774552107789e-06 1.6619943772252656e-06 1.074256136430627e-06
0.5976639093137255 8.412671377300285e-06 7.976393517842758e-07 1.1662443905792065e-06
0.5996170343137255 8.127378350764047e-06 -7.156934770422675e-08 1.263790342003611e-06
0.6015701593137255 7.865228326409124e-06 -9.453924704577428e-07 1.3670427122795818e-06
0.6035232843137255 7.6241335591475945e-06 -1.8235446105188223e-06 1.4761409668589182e-06
0.6054764093137255 7.406360964523628e-06 -2.705691459078673e-06 1.5912143992288246e-06
0.6074295343137255 7.20975822332548e-06 -3.5914474320378286e-06 1.7123812318971865e-06
0.6093826593137255 7.036419447103981e-06 -4.4803736284592324e-06 1.8397477460058531e-06
0.6113357843137255 6.883942205604399e-06 -5.371976163412113e-06 1.973407445576054e-06
0.6132889093137255 6.754396963515319e-06 -6.265704896871227e-06 2.113440258346738e-06
0.6152420343137255 6.645291705353884e-06 -7.1609525931993585e-06 2.2599117905896657e-06
0.6171951593137255 6.558564109582221e-06 -8.057054486671212e-06 2.412872621181619e-06
0.6191482843137255 6.491583462775452e-06 -8.953288310923674e-06 2.57235766056091e-06
0.6211014093137255 6.446154202421894e-06 -9.848874761020406e-06 2.7383855666722166e-06
0.6230545343137255 6.419619694497669e-06 -1.0742978423335678e-05 2.9109582301931888e-06
0.6250076593137255 6.413451046682894e-06 -1.1634709137544754e-05 3.0900603250593726e-06
0.6269607843137255 6.425056653824868e-06 -1.2523123835742518e-05 3.275658938226727e-06
0.6289139093137255 6.455636139435228e-06 -1.3407228789211377e-05 3.4677032724954773e-06
0.6308670343137255 6.502738870040048e-06 -1.4285982322246793e-05 3.6661244329134425e-06
0.6328201593137255 6.5672384153003804e-06 -1.5158297910359568e-05 3.8708352940099075e-06
0.6347732843137255 6.646803285548231e-06 -1.6023047695182607e-05 4.081730451454141e-06
0.6367264093137255 6.741955530742416e-06 -1.6879066362766857e-05 4.298686262014466e-06
0.6386795343137255 6.85058330418542e-06 -1.7725155385435822e-05 4.521560968357026e-06
0.6406326593137255 6.972805749683175e-06 -1.8560087574645074e-05 4.750194910822383e-06
0.6425857843137255 7.106696557457326e-06 -1.9382611938922842e-05 4.984410828105242e-06
0.6445389093137255 7.2521415859228e-06 -2.0191458794846024e-05 5.2240142417883325e-06
0.6464920343137255 7.4074418989766855e-06 -2.098534510811754e-05 5.4687939272375315e-06
0.6484451593137255 7.572154572699219e-06 -2.1762980034787094e-05 5.718522464471627e-06
0.6503982843137255 7.744661161268596e-06 -2.2523070591359158e-05 5.972956872797311e-06
0.6523514093137255 7.924376404844224e-06 -2.3264327472575447e-05 6.231839319206545e-06
0.6543045343137255 8.10976871434832e-06 -2.3985470916080875e-05 6.494897901175739e-06
0.6562576593137255 8.300119588966481e-06 -2.4685236625397663e-05 6.761847500921025e-06
0.6582107843137255 8.494016583426856e-06 -2.5362381666495756e-05 7.032390701705641e-06
0.6601639093137255 8.690723916515708e-06 -2.6015690347183902e-05 7.30621876601391e-06
0.6621170343137255 8.888830961950589e-06 -2.6643979987500914e-05 7.5830126690230446e-06
0.6640701593137255 9.087564649234992e-06 -2.724610658838496e-05 7.862444180148055e-06
0.6660232843137255 9.285446139983833e-06 -2.7820970331553952e-05 8.144176989226972e-06
0.6679764093137255 9.481896995566785e-06 -2.8367520893840696e-05 8.427867870016238e-06
0.6699295343137255 9.675401088315994e-06 -2.888476252440264e-05 8.713167873633164e-06
0.6718826593137255 9.865378160611726e-06 -2.9371758874777783e-05 8.99972354850807e-06
0.6738357843137255 1.0050423043139745e-05 -2.982763752542517e-05 9.287178176641379e-06
0.6757889093137255 1.0230082807538565e-05 -3.025159421061158e-05 9.575173022115177e-06
0.6777420343137255 1.0402833140688017e-05 -3.064289668858333e-05 9.863348583551786e-06
0.6796951593137255 1.0568372999841813e-05 -3.1000888258504024e-05 1.0151345845133834e-05
0.6816482843137255 1.072514623956522e-05 -3.132499088721855e-05 1.043880751839512e-05
0.6836014093137255 1.0873276551137678e-05 -3.161470794097728e-05 1.0725379268878595e-05
0.6855545343137255 1.1010881280526519e-05 -3.186962650333314e-05 1.1010710921359748e-05
0.6875076593137255 1.1138474292238243e-05 -3.208941926765999e-05 1.1294457636803231e-05
0.6894607843137255 1.1254026503593195e-05 -3.227384600429233e-05 1.1576281056244139e-05
0.6914139093137255 1.135848378908122e-05 -3.242275458582635e-05 1.1855850404603706e-05
0.6933670343137255 1.144953967013862e-05 -3.253608158340323e-05 1.2132843550079137e-05
0.6953201593137255 1.152848926722072e-05 -3.2613852426379586e-05 1.2406948013606645e-05
0.6972732843137255 1.1592954251682386e-05 -3.265618112838913e-05 1.26778619236672e-05
0.6992264093137255 1.1644574442470912e-05 -3.266326959674234e-05 1.2945294912597134e-05
0.7011795343137255 1.1680912393785547e-05 -3.263540652806241e-05 1.3208968949809776e-05
0.7031326593137255 1.1703778909577522e-05 -3.257296590086304e-05 1.3468619109226947e-05
0.7050857843137255 1.1710801118169911e-05 -3.247640508711331e-05 1.3723994267362856e-05
0.7070389093137255 1.1704021744662896e-05 -3.234626259463741e-05 1.3974857729646778e-05
0.7089920343137255 1.1681042451527901e-05 -3.218315545970795e-05 1.4220987783327375e-05
0.7109451593137255 1.1644063306448516e-05 -3.198777631513606e-05 1.446217817457096e-05
0.7128982843137255 1.15909097075928e-05 -3.176089014871057e-05 1.469823850923973e-05
0.7148514093137255 1.1523808097990695e-05 -3.150333078348872e-05 1.4928994576578132e-05
0.7168045343137255 1.144078851211816e-05 -3.121599710232223e-05 1.515428859531429e-05
0.7187576593137255 1.1344023732817732e-05 -3.08998490399759e-05 1.5373979382830887e-05
0.7207107843137255 1.1231750249862671e-05 -3.0555903373484357e-05 1.5587942447873897e-05
0.7226639093137255 1.1106324564025272e-05 -3.018522933849408e-05 1.579607000809135e-05
0.7246170343137255 1.0965992260025814e-05 -2.9788944094387174e-05 1.5998270933710646e-05
0.7265701593137255 1.0813198969117366e-05 -2.9368208072397454e-05 1.6194470620039485e-05
0.7285232843137255 1.0646416740200948e-05 -2.892422023078469e-05 1.6384610790009486e-05
0.7304764093137255 1.0468039363331627e-05 -2.8458213244390988e-05 1.656864923074767e-05
0.7324295343137255 1.027665439323755e-05 -2.7971448660653118e-05 1.6746559466286614e-05
0.7343826593137255 1.007467471936252e-05 -2.7465212039281758e-05 1.6918330370122887e-05
0.7363357843137255 9.860944373940583e-06 -2.6940808112949417e-05 1.7083965721480495e-05
0.7382889093137255 9.637833500164561e-06 -2.6399555983553595e-05 1.72434837087915e-05
0.7402420343137255 9.404295269632712e-06 -2.584278438542e-05 1.739691638472607e-05
0.7421951593137255 9.162658898276277e-06 -2.5271827031810713e-05 1.7544309077047264e-05
0.7441482843137255 8.912096745916642e-06 -2.4688018073203732e-05 1.768571975974044e-05
0.7461014093137255 8.654936209495645e-06 -2.4092687678604645e-05 1.782121838892512e-05
0.7480545343137255 8.390295988647267e-06 -2.3487157767790904e-05 1.7950886208403816e-05
0.7500076593137255 8.120604434225243e-06 -2.2872737902221565e-05 1.807481502928585e-05
0.7519607843137255 7.845043910492677e-06 -2.225072135790084e-05 1.8193106488774335e-05
0.7539139093137255 7.566051408502972e-06 -2.162238138855236e-05 1.8305871292562054e-05
0.7558670343137255 7.282759270310635e-06 -2.0988967693480234e-05 1.841322844566963e-05
0.7578201593137255 6.997576292633312e-06 -2.035170309976972e-05 1.8515304476401687e-05
0.7597732843137255 6.709712124575162e-06 -1.971178046919951e-05 1.8612232657790915e-05
0.7617264093137255 6.421580110327341e-06 -1.9070359833361992e-05 1.8704152231047984e-05
0.7636795343137255 6.132291218818864e-06 -1.842856576695083e-05 1.8791207635213717e-05
0.7656326593137255 5.844323368364712e-06 -1.7787484999543972e-05 1.887354774702211e-05
0.7675857843137255 5.556777068704832e-06 -1.714816426984097e-05 1.895132513487971e-05
0.7695389093137255 5.2721384236065205e-06 -1.651160842382235e-05 1.9024695330495197e-05
0.7714920343137255 4.98924464409356e-06 -1.5878778753562348e-05 1.9093816121570672e-05
0.7734451593137255 4.710727353085531e-06 -1.5250591578458984e-05 1.9158846868646666e-05
0.7753982843137255 4.435261871549301e-06 -1.4627917062751178e-05 1.9219947848855665e-05
0.7773514093137255 4.165562586422311e-06 -1.4011578266181265e-05 1.92772796291566e-05
0.7793045343137255 3.900100182363531e-06 -1.3402350421984688e-05 1.9331002471222217e-05
0.7812576593137255 3.641621560745989e-06 -1.2800960436454887e-05 1.938127576990952e-05
0.7832107843137255 3.3886026358231902e-06 -1.2208086600673924e-05 1.9428257526854477e-05
0.7851639093137255 3.143570211250335e-06 -1.1624358508547074e-05 1.9472103860521386e-05
0.7871170343137255 2.9049519980617333e-06 -1.1050357170332845e-05 1.9512968553599186e-05
0.7890701593137255 2.675204541446874e-06 -1.0486615312404504e-05 1.955100263845103e-05
0.7910232843137255 2.4527801087970147e-06 -9.933617853914167e-06 1.9586354020926217e-05
0.7929764093137255 2.2400292891688878e-06 -9.391802547776515e-06 1.961916714260363e-05
0.7949295343137255 2.0352154024294578e-06 -8.861560777069056e-06 1.9649582681257354e-05
0.7968826593137255 1.8407421293886728e-06 -8.343238493809762e-06 1.9677737289037993e-05
0.7988357843137255 1.6547221548535163e-06 -7.837137289404044e-06 1.9703763367651156e-05
0.8007889093137255 1.4794007938689901e-06 -7.343515584857772e-06 1.9727788879573173e-05
0.8027420343137255 1.3128554883223842e-06 -6.862589929358071e-06 1.9749937194124586e-05
0.8046951593137255 1.157272890850436e-06 -6.3945363948491616e-06 1.977032696705324e-05
0.8066482843137255 1.0107273737958167e-06 -5.939492056130594e-06 1.9789072052105625e-05
0.8086014093137255 8.751781592764019e-07 -5.497556544069446e-06 1.980628144291416e-05
0.8105545343137255 7.486871709261322e-07 -5.0687936616244186e-06 1.9822059243429377e-05
0.8125076593137255 6.33116144399537e-07 -4.653233051281619e-06 1.9836504665006725e-05
0.8144607843137255 5.264165565677099e-07 -4.25087190378513e-06 1.984971204820282e-05
0.8164139093137255 4.30411716934032e-07 -3.8616766976593155e-06 1.9861770907280942e-05
0.8183670343137255 3.4294671991119685e-07 -3.485584960482973e-06 1.9872765995385813e-05
0.8203201593137255 2.6586371859593825e-07 -3.1225070416674846e-06 1.988277738835779e-05
0.8222732843137255 1.9692420494266074e-07 -2.7723278891407273e-06 1.989188058515407e-05
0.8242264093137255 1.3779411744963e-07 -2.434908820669708e-06 1.9900146622876857e-05
0.8261795343137255 8.621658054153158e-08 -2.110089282826301e-06 1.9907642204459107e-05
0.8281326593137255 4.387487706480897e-08 -1.7976885899495703e-06 1.991442983710913e-05
0.8300857843137255 8.340304447074232e-09 -1.4975076366762862e-06 1.992056797969941e-05
0.8320389093137255 -1.8662799305957378e-08 -1.2093305778704727e-06 1.9926111197360143e-05
0.8339920343137255 -3.953256921818138e-08 -9.329264704938444e-07 1.993111032163701e-05
0.8359451593137255 -5.2656602633760485e-08 -6.680508722396681e-07 1.9935612614672493e-05
0.8378982843137255 -6.045789291420078e-08 -4.1444739273191924e-07 1.9939661935977212e-05
0.8398514093137255 -6.141242891999354e-08 -1.7184919315885577e-07 1.9943298910467513e-05
0.8418045343137255 -5.801451052889206e-08 6.001956894439949e-08 1.9946561096562216e-05
0.8437576593137255 -4.8532491803143785e-08 2.8144235267697104e-07 1.9949483153243076e-05
0.8457107843137255 -3.564451134252522e-08 4.927089069307366e-07 1.995209700509904e-05
0.8476639093137255 -1.7604911306534632e-08 6.941140056395778e-07 1.995443200448711e-05
0.8496170343137255 2.853596692276028e-09 8.859562465921086e-07 1.995651509005152e-05
0.8515701593137255 2.7618222375735968e-08 1.068536914928514e-06 1.9958370940949866e-05
0.8535232843137255 5.376869793849437e-08 1.2421589118721655e-06 1.9960022126235765e-05
0.8554764093137255 8.331237921765933e-08 1.4071257490502178e-06 1.996148924894378e-05
0.8574295343137255 1.1333022342796539e-07 1.563740608306744e-06 1.996279108451331e-05
0.8593826593137255 1.4592666275348165e-07 1.712305466571639e-06 1.9963944713271694e-05
0.8613357843137255 1.7817001207731664e-07 1.8531202851462846e-06 1.9964965646775274e-05
0.8632889093137255 2.12023252288418e-07 1.986482262314092e-06 1.996586794787762e-05
0.8652420343137255 2.448220470796518e-07 2.112685148175186e-06 1.9966664344458906e-05
0.8671951593137255 2.783768593417335e-07 2.232018620157313e-06 1.9967366336808328e-05
0.8691482843137255 3.1009693657324533e-07 2.3447677175608053e-06 1.9967984298702244e-05
0.8711014093137255 3.417286791318479e-07 2.451212333346827e-06 1.996852757226578e-05
0.8730545343137255 3.709903637627576e-07 2.5516267611431005e-06 1.9969004556744523e-05
0.8750076593137255 3.9945163621268875e-07 2.6462792953869343e-06 1.9969422791345575e-05
0.8769607843137255 4.2498584207351044e-07 2.7354318823638256e-06 1.9969789032334757e-05
0.8789139093137255 4.489511127303554e-07 2.819339819859735e-06 1.997010932459926e-05
0.8808670343137255 4.6963992872406337e-07 2.898251503048249e-06 1.997038906790232e-05
0.8828201593137255 4.881659947386652e-07 2.9724082141931473e-06 1.997063307807017e-05
0.8847732843137255 5.031261594012904e-07 3.042043953719593e-06 1.9970845643360502e-05
0.8867264093137255 5.154604991730594e-07 3.1073853102062965e-06 1.997103057626774e-05
0.8886795343137255 5.240149221208408e-07 3.168651366808912e-06 1.997119126102316e-05
0.8906326593137255 5.296133167576045e-07 3.226053641698139e-06 1.997133069704764e-05
0.8925857843137255 5.312118673828081e-07 3.279796060081854e-06 1.9971451538612645e-05
0.8945389093137255 5.295203209243482e-07 3.3300749554130937e-06 1.9971556130960394e-05
0.8964920343137255 5.238272819951817e-07 3.377079097493066e-06 1.997164654312809e-05
0.8984451593137255 5.146914645592915e-07 3.4209897451461283e-06 1.9971724597713505e-05
0.9003982843137255 5.016107706978805e-07 3.4619807212981017e-06 1.9971791897810336e-05
0.9023514093137255 4.850011805501708e-07 3.5002185082906676e-06 1.9971849851332295e-05
0.9043045343137255 4.645424951377204e-07 3.535862361402702e-06 1.9971899692934535e-05
0.9062576593137255 4.406428786296601e-07 3.5690644385668423e-06 1.9971942503730188e-05
0.9082107843137255 4.129346109493781e-07 3.599969944433849e-06 1.9971979228988924e-05
0.9101639093137255 3.8191615203686567e-07 3.628717286944548e-06 1.9972010693993208e-05
0.9121170343137255 3.473764991213102e-07 3.655438244739506e-06 1.9972037618216716e-05
0.9140701593137255 3.097317176070642e-07 3.6802581437597102e-06 1.9972060627978543e-05
0.9160232843137255 2.6873749447986484e-07 3.703296041547425e-06 1.997208026771592e-05
0.9179764093137255 2.2484083217477704e-07 3.724664917802252e-06 1.9972097010007694e-05
0.9199295343137255 1.779145577529566e-07 3.7444718698704e-06 1.997211126447077e-05
0.9218826593137255 1.2830901141569484e-07 3.762818311926943e-06 1.9972123385641986e-05
0.9238357843137255 7.601123996892056e-08 3.779800176706169e-06 1.9972133679948622e-05
0.9257889093137255 2.12725854709106e-08 3.795508118715915e-06 1.997214241186209e-05
0.9277420343137255 -3.573639517640004e-08 3.810027717974129e-06 1.997214980932096e-05
0.9296951593137255 -9.489303920418024e-08 3.823439683375648e-06 1.997215606850183e-05
0.9316482843137255 -1.5606764236508752e-07 3.835820054886232e-06 1.9972161358009275e-05
0.9336014093137255 -2.1911517933403957e-07 3.847240403839343e-06 1.9972165822549347e-05
0.9355545343137255 -2.8384792472024856e-07 3.8577680306846805e-06 1.997216958614484e-05
0.9375076593137255 -3.5021420785597e-07 3.867466159607221e-06 1.9972172754944825e-05
0.9394607843137255 -4.179370023393858e-07 3.8763941295105415e-06 1.9972175419675525e-05
0.9414139093137255 -4.871087071478541e-07 3.884607580914297e-06 1.99721776577749e-05
0.9433670343137255 -5.572591703639773e-07 3.8921586383836185e-06 1.9972179535248618e-05
0.9453201593137255 -6.287511951086344e-07 3.899096088160213e-06 1.9972181108281263e-05
0.9472732843137255 -7.010335707491322e-07 3.905465550723897e-06 1.9972182424632764e-05
0.9492264093137255 -7.745401831016352e-07 3.911309648056051e-06 1.997218352484676e-05
0.9511795343137255 -8.485796456625394e-07 3.916668165431289e-06 1.9972184443294593e-05
0.9531326593137255 -9.237129461325821e-07 3.921578207598318e-06 1.997218520907584e-05
0.9550857843137255 -9.993036655941978e-07 3.926074349256398e-06 1.9972185846793905e-05
0.9570389093137255 -1.0759000588222989e-06 3.930188779766148e-06 1.9972186377222992e-05
0.9589920343137255 -1.1529402854648652e-06 3.933951442068107e-06 1.9972186817880723e-05
0.9609451593137255 -1.2310307511143037e-06 3.9373901658117434e-06 1.9972187183519076e-05
0.9628982843137255 -1.3096711199978017e-06 3.940530794723521e-06 1.997218748654459e-05
0.9648514093137255 -1.3893660479880054e-06 3.94339730826823e-06 1.9972187737377532e-05
0.9668045343137255 -1.4696669268232654e-06 3.946011937677579e-06 1.9972187944758397e-05
0.9687576593137255 -1.5512080153712304e-06 3.948395276439332e-06 1.9972188116009076e-05
0.9707107843137255 -1.6335385453203344e-06 3.950566385356882e-06 1.9972188257255103e-05
0.9726639093137255 -1.7173343849208322e-06 3.952542892302977e-06 1.997218837361444e-05
0.9746170343137255 -1.8021677306023776e-06 3.954341086803006e-06 1.9972188469357682e-05
0.9765701593137255 -1.888678184513993e-06 3.9559760095942576e-06 1.997218854804371e-05
0.9785232843137255 -1.9765482193179196e-06 3.957461537314855e-06 1.997218861263448e-05
0.9804764093137255 -2.0663649138441542e-06 3.958810462483218e-06 1.997218866559198e-05
0.9824295343137255 -2.157805965907756e-06 3.960034568933934e-06 1.9972188708959972e-05
0.9843826593137255 -2.2516805984196253e-06 3.961144702879499e-06 1.997218874443288e-05
0.9863357843137255 -2.3475540729123168e-06 3.962150839769712e-06 1.9972188773413684e-05
0.9882889093137255 -2.4462979126838036e-06 3.963062147122132e-06 1.99721887970626e-05
0.9902420343137255 -2.5474193989793994e-06 3.963887043496744e-06 1.9972188816337834e-05
0.9921951593137255 -2.6518787308305028e-06 3.964633253787737e-06 1.9972188832029777e-05
0.9941482843137255 -2.759157041509753e-06 3.965307861003368e-06 1.9972188844789542e-05
0.9961014093137255 -2.8701472274406123e-06 3.965917354703041e-06 1.997218885515285e-05
0.9980545343137255 -2.984436150654802e-06 3.966467676257476e-06 1.9972188863559924e-05
1.0000076593137255 -3.1028851026349002e-06 3.966964261094689e-06 1.9972188870372044e-05
