X Y mu sigma
0.0019588358918128657 -1.2147696907049976e-05 -1.214771226161498e-05 1.8024288171539164e-10
0.003911960891812866 -1.1967345926677808e-05 -1.1967283079626674e-05 1.0898639914545953e-10
0.005865085891812866 -1.178298862214433e-05 -1.178303756712409e-05 1.0111039392979057e-10
0.007818210891812866 -1.1595424439292401e-05 -1.1595395177940176e-05 1.0020348898862818e-10
0.009771335891812866 -1.1404727047192864e-05 -1.1404798302045404e-05 9.369824277434062e-11
0.011724460891812866 -1.121173772844486e-05 -1.1211710846010501e-05 8.575863479262077e-11
0.013677585891812866 -1.1016541975550354e-05 -1.101661672349392e-05 8.059544634899933e-11
0.015630710891812866 -1.0820102033903822e-05 -1.0820018241681533e-05 7.887770284903546e-11
0.017583835891812866 -1.0622422450978775e-05 -1.0622434455037719e-05 7.879765038776259e-11
0.019536960891812866 -1.0424514584883582e-05 -1.0424399426404509e-05 7.846832612839724e-11
0.021490085891812866 -1.0226387530565262e-05 -1.0226460502316692e-05 7.711164178008211e-11
0.023443210891812866 -1.002925455395598e-05 -1.0029176523069306e-05 7.493678049242228e-11
0.025396335891812866 -9.832998330239207e-06 -9.833116054857387e-06 7.261553524481175e-11
0.027349460891812866 -9.638936717237812e-06 -9.638855578931462e-06 7.080152772979447e-11
0.029302585891812866 -9.446814146940596e-06 -9.4469777161037e-06 6.97818247350478e-11
0.031255710891812866 -9.25819949770812e-06 -9.258069421138981e-06 6.945482433694018e-11
0.033208835891812866 -9.072576176549774e-06 -9.072720197875628e-06 6.94353501113122e-11
0.035161960891812866 -8.891671313904226e-06 -8.891520308811576e-06 6.935667634566013e-11
0.037115085891812866 -8.714891009731218e-06 -8.71505899609888e-06 6.897140275289648e-11
0.039068210891812866 -8.544078809791245e-06 -8.543922691890289e-06 6.824131748957364e-11
0.041021335891812866 -8.37858624436194e-06 -8.378693242274543e-06 6.729227417754816e-11
0.042974460891812866 -8.220109521062112e-06 -8.219946122500253e-06 6.631530405980991e-11
0.044927585891812866 -8.06816569820512e-06 -8.068248667150784e-06 6.551054972629369e-11
0.046880710891812866 -7.92429727880517e-06 -7.924158283591792e-06 6.498277039539743e-11
0.048833835891812866 -7.788140464981552e-06 -7.788220690824203e-06 6.473757993257691e-11
0.050786960891812866 -7.661035851924678e-06 -7.66096814103928e-06 6.467526581495535e-11
0.052740085891812866 -7.542796993220691e-06 -7.542917687995613e-06 6.467255514348934e-11
0.054693210891812866 -7.4346057772345375e-06 -7.434569421859777e-06 6.461095354876762e-11
0.056646335891812866 -7.3363262345083075e-06 -7.33640478342951e-06 6.440674476659084e-11
0.058599460891812866 -7.248895144584823e-06 -7.248884859537924e-06 6.405543723752905e-11
0.060552585891812866 -7.172338428063087e-06 -7.172448743322037e-06 6.35892593965937e-11
0.06250571089181287 -7.107535111572361e-06 -7.10751193432053e-06 6.309423997484933e-11
0.06445883589181287 -7.054416073515311e-06 -7.054464790993569e-06 6.264889610675326e-11
0.06641196089181287 -7.013706181169255e-06 -7.013671045425697e-06 6.23125985511091e-11
0.06836508589181287 -6.98546773492126e-06 -6.985466391339089e-06 6.210970405640602e-11
0.07031821089181287 -6.970284630369861e-06 -6.970157161622635e-06 6.202779517279255e-11
0.07227133589181287 -6.968090019654483e-06 -6.968019078742834e-06 6.200800785274161e-11
0.07422446089181287 -6.979378667892888e-06 -6.979296112502223e-06 6.200760396413629e-11
0.07617758589181287 -7.004204235272482e-06 -7.004199450645279e-06 6.196316014535372e-11
0.07813071089181287 -7.04291778674815e-06 -7.042906542988856e-06 6.185434027388593e-11
0.08008383589181287 -7.0955434239294846e-06 -7.095560308761828e-06 6.165562463713467e-11
0.08203696089181287 -7.1622143877903e-06 -7.1622684145089355e-06 6.14053061755333e-11
0.08399008589181287 -7.243081199703738e-06 -7.2431027051532e-06 6.112979619276952e-11
0.08594321089181287 -7.338031082326779e-06 -7.3380987320993495e-06 6.086991019231399e-11
0.08789633589181287 -7.4472318374319e-06 -7.447255428524919e-06 6.066466762093067e-11
0.08984946089181287 -7.570436082460217e-06 -7.570534881022016e-06 6.052496994707867e-11
0.09180258589181287 -7.70785663917195e-06 -7.707862233123303e-06 6.045375725615143e-11
0.09375571089181287 -7.859066499804612e-06 -7.859125706985513e-06 6.043013918826831e-11
0.09570883589181287 -8.02428894530749e-06 -8.024176741568398e-06 6.04305536198865e-11
0.09766196089181287 -8.202790922950953e-06 -8.202830229459761e-06 6.042060647648369e-11
0.09961508589181287 -8.39502172311768e-06 -8.39486488199341e-06 6.038204581814112e-11
0.10156821089181287 -8.599969987699296e-06 -8.600023679034356e-06 6.029405191870264e-11
0.10352133589181287 -8.818098649499007e-06 -8.818014429703339e-06 6.016764741168472e-11
0.10547446089181287 -9.048375432030298e-06 -9.048510426316016e-06 6.001594441303683e-11
0.10742758589181287 -9.291196874983143e-06 -9.291151188721088e-06 5.985172350265527e-11
0.10938071089181287 -9.545435204927344e-06 -9.545543277052422e-06 5.970592944465508e-11
0.11133383589181287 -9.811352356337011e-06 -9.811261231601808e-06 5.958584313405859e-11
0.11328696089181287 -1.0087756891152821e-05 -1.0087848531603075e-05 5.950635240808441e-11
0.11524008589181287 -1.0374913472332992e-05 -1.0374818680293363e-05 5.94659354726354e-11
0.11719321089181287 -1.067158518708311e-05 -1.067165629768251e-05 5.945245705499317e-11
0.11914633589181287 -1.0977940291923005e-05 -1.0977818355612994e-05 5.945456325916692e-11
0.12109946089181287 -1.1292654562566895e-05 -1.129273539291608e-05 5.945035077620092e-11
0.12305258589181287 -1.161598993348889e-05 -1.161581283606956e-05 5.94267553534065e-11
0.12500571089181287 -1.1946400263695978e-05 -1.1946432355300325e-05 5.937531857387606e-11
0.12695883589181287 -1.2284150216146372e-05 -1.2283953256222633e-05 5.930188072949446e-11
0.12891196089181287 -1.2627614523808006e-05 -1.2627713943144824e-05 5.920297586111208e-11
0.13086508589181287 -1.2977146070625167e-05 -1.2977033377663953e-05 5.910687153804636e-11
0.13281821089181287 -1.3331078662304208e-05 -1.3331212597531954e-05 5.900806423077987e-11
0.13477133589181287 -1.368957236991264e-05 -1.3689536270239475e-05 5.893161898009243e-11
0.13672446089181287 -1.4051123798708431e-05 -1.4051274228735987e-05 5.887549604551528e-11
0.13867758589181287 -1.4415691111935303e-05 -1.4415683083487018e-05 5.884358416742119e-11
0.14063071089181287 -1.4781856407353189e-05 -1.4782007792892503e-05 5.883081456935251e-11
0.14258383589181287 -1.5149411410675384e-05 -1.5149483277354946e-05 5.883209165388413e-11
0.14453696089181287 -1.5517125575570386e-05 -1.5517336026047517e-05 5.883124026727665e-11
0.14649008589181287 -1.5884761523921043e-05 -1.5884785716412925e-05 5.882400298359185e-11
0.14844321089181287 -1.6250964108621698e-05 -1.625104679111248e-05 5.879887844131412e-11
0.15039633589181287 -1.6615387721685693e-05 -1.6615330080165613e-05 5.874987599407798e-11
0.15234946089181287 -1.6976886399788782e-05 -1.697684437839693e-05 5.869869939121455e-11
0.15430258589181287 -1.733490171318408e-05 -1.7334798017797446e-05 5.8632530167847e-11
0.15625571089181287 -1.768850597727578e-05 -1.7688400405329502e-05 5.857270016769097e-11
0.15820883589181287 -1.8036973415291868e-05 -1.8036863583648614e-05 5.851494901687463e-11
0.16016196089181287 -1.8379525499767624e-05 -1.8379403702808258e-05 5.847299022782188e-11
0.16211508589181287 -1.871545464382507e-05 -1.8715242530795607e-05 5.844771479814899e-11
0.16406821089181287 -1.9043807697016746e-05 -1.9043608902322325e-05 5.843400151766036e-11
0.16602133589181287 -1.9363948013051413e-05 -1.9363740128614362e-05 5.842971545747066e-11
0.16797446089181287 -1.9674978830153123e-05 -1.967488339799305e-05 5.843357292578846e-11
0.16992758589181287 -1.9976261683041233e-05 -1.9976297147701942e-05 5.843014407763754e-11
0.17188071089181287 -2.0267096260795366e-05 -2.026725235527237e-05 5.841942763003684e-11
0.17383383589181287 -2.0546791347442195e-05 -2.054703386961224e-05 5.839455789760221e-11
0.17578696089181287 -2.0814670278923583e-05 -2.081494160688511e-05 5.83658158776117e-11
0.17774008589181287 -2.1070067305117842e-05 -2.1070291812880883e-05 5.832589676342113e-11
0.17969321089181287 -2.1312178432708606e-05 -2.1312418187077904e-05 5.827907504049231e-11
0.18164633589181287 -2.154048524971586e-05 -2.1540673037621146e-05 5.824253656661325e-11
0.18359946089181287 -2.175430563511327e-05 -2.1754428333749615e-05 5.820941720882616e-11
0.18555258589181287 -2.1953048417344693e-05 -2.1953076757522808e-05 5.818445771188809e-11
0.18750571089181287 -2.2136089683044702e-05 -2.213603268768385e-05 5.817326549560055e-11
0.18945883589181287 -2.2302876459434625e-05 -2.2302733115128236e-05 5.8167238025599114e-11
0.19141196089181287 -2.245277755719144e-05 -2.2452638537620902e-05 5.8168099130981516e-11
0.19336508589181287 -2.258552376588341e-05 -2.258523380182872e-05 5.816680746812746e-11
0.19531821089181287 -2.270013101224322e-05 -2.2700028828705776e-05 5.816637690746875e-11
0.19727133589181287 -2.27968193939887e-05 -2.27965593723641e-05 5.815259728319864e-11
0.19922446089181287 -2.2874382921145298e-05 -2.2874387656846644e-05 5.813321416040592e-11
0.20117758589181287 -2.2933298168936748e-05 -2.2933102964978878e-05 5.811296266300977e-11
0.20313071089181287 -2.2972219085204415e-05 -2.2972322181204627e-05 5.808709942769292e-11
0.20508383589181287 -2.2991816877038218e-05 -2.299169027420914e-05 5.8059930631163477e-11
0.20703696089181287 -2.2990723664406687e-05 -2.299088068193891e-05 5.803576991232054e-11
0.20899008589181287 -2.296970706083812e-05 -2.2969595688707393e-05 5.80133259493548e-11
0.21094321089181287 -2.292731733177789e-05 -2.292756669757715e-05 5.8001668927787986e-11
0.21289633589181287 -2.2864614948048256e-05 -2.2864554465313357e-05 5.799432811953524e-11
0.21484946089181287 -2.2780090148444287e-05 -2.2780349278390866e-05 5.799346443394571e-11
0.21680258589181287 -2.2674923457088877e-05 -2.2674771071775277e-05 5.798741827462574e-11
0.21875571089181287 -2.2547441403730772e-05 -2.2547669463701834e-05 5.7991305163695465e-11
0.22070883589181287 -2.2399075533030555e-05 -2.239892379219172e-05 5.798741827462574e-11
0.2226619608918129 -2.222823241027072e-05 -2.222844305068221e-05 5.798266727858385e-11
0.22461508589181287 -2.203629082941916e-05 -2.2036165808366356e-05 5.7970140058970105e-11
0.22656821089181287 -2.1821799236931838e-05 -2.1822060059112596e-05 5.7951128071736815e-11
0.22852133589181287 -2.158620918635279e-05 -2.158612306135413e-05 5.793340674079644e-11
0.23047446089181287 -2.132812551280949e-05 -2.1328381088549162e-05 5.791351781699848e-11
0.23242758589181287 -2.1049076167400926e-05 -2.1048889202058938e-05 5.7897947806550016e-11
0.23438071089181287 -2.0747504095197655e-05 -2.0747730928197016e-05 5.7886700194475824e-11
0.23633383589181287 -2.0425275579327717e-05 -2.0425017957711556e-05 5.787631584322946e-11
0.23828696089181287 -2.0080738977412693e-05 -2.0080889763308253e-05 5.787588312149335e-11
0.24024008589181287 -1.9715855160029605e-05 -1.9715513239156297e-05 5.787631584322946e-11
0.24219321089181287 -1.932899795065168e-05 -1.9329082248647425e-05 5.7873719464280895e-11
0.24414633589181287 -1.892219006549567e-05 -1.8921817211282352e-05 5.787242123112529e-11
0.24609946089181287 -1.849391264840961e-05 -1.8493964635575303e-05 5.7873286723131515e-11
0.24805258589181287 -1.804608837119304e-05 -1.8045796595459095e-05 5.7870690208280925e-11
0.2500057108918129 -1.7577411199454218e-05 -1.7577610242080502e-05 5.7858138743831663e-11
0.25195883589181284 -1.7089878383558244e-05 -1.7089727237340042e-05 5.784948097477263e-11
0.2539119608918129 -1.6582223906880245e-05 -1.6582493186031132e-05 5.783519282234869e-11
0.25586508589181284 -1.6056430467870083e-05 -1.605627704638336e-05 5.782046800271884e-11
0.25781821089181284 -1.5511210222030055e-05 -1.551147050188101e-05 5.7813104186516595e-11
0.2597713358918129 -1.4948654097679537e-05 -1.494848730027082e-05 5.780747240001582e-11
0.2617244608918129 -1.4367564290296286e-05 -1.4367762589647296e-05 5.780140678550709e-11
0.26367758589181284 -1.3769883480563294e-05 -1.3769752193411307e-05 5.779880704157047e-11
0.2656307108918129 -1.315469853579998e-05 -1.3154931883275766e-05 5.780097350297112e-11
0.2675838358918129 -1.2523880286607891e-05 -1.2523796611350915e-05 5.7802273340835426e-11
0.26953696089181284 -1.1876672942889854e-05 -1.1876859701186744e-05 5.779837373954566e-11
0.2714900858918129 -1.121477998822229e-05 -1.1214652035664066e-05 5.780140678550709e-11
0.2734432108918129 -1.053754112945171e-05 -1.0537721184696544e-05 5.7797940434272455e-11
0.27539633589181284 -9.846726243267767e-06 -9.846630531389172e-06 5.7791440465317056e-11
0.27734946089181284 -9.141818736679852e-06 -9.141958336977703e-06 5.7780172120299386e-11
0.2793025858918129 -8.4243756646174e-06 -8.424296820219763e-06 5.777410363957624e-11
0.28125571089181284 -7.694136911595706e-06 -7.694251166450025e-06 5.776499972313777e-11
0.28320883589181284 -6.952574494789587e-06 -6.9524385380474274e-06 5.775979684091843e-11
0.2851619608918129 -6.199425570230231e-06 -6.19948706017785e-06 5.7753726219260035e-11
0.28711508589181284 -5.43621399629046e-06 -5.436034774152176e-06 5.7754593489992064e-11
0.28906821089181284 -4.66260826215148e-06 -4.662728568105904e-06 5.775199163872416e-11
0.2910213358918129 -3.88045737054199e-06 -3.880223120525939e-06 5.7753726219260035e-11
0.2929744608918129 -3.0890666948835133e-06 -3.089179780345364e-06 5.775762883500063e-11
0.29492758589181284 -2.290496922796592e-06 -2.2902654819302018e-06 5.775676160984709e-11
0.2968807108918129 -1.4840575204289053e-06 -1.4841516331380286e-06 5.775676160984709e-11
0.2988338358918129 -6.717271503475786e-07 -6.715129729140065e-07 5.775632799238723e-11
0.30078696089181284 1.470118178303892e-07 1.4697353824223784e-07 5.77506906691321e-11
0.3027400858918129 9.704998547022115e-07 9.706298334963687e-07 5.77467875844997e-11
0.3046932108918129 1.7988470517593669e-06 1.7987778859277117e-06 5.773984811591915e-11
0.30664633589181284 2.6307604912290117e-06 2.630740807806718e-06 5.7729003526278236e-11
0.30859946089181284 3.4659169614315033e-06 3.4658439631811243e-06 5.772987116841708e-11
0.3105525858918129 4.303502919356106e-06 4.303416071421905e-06 5.772726820287849e-11
0.31250571089181284 5.142870122654131e-06 5.142790282482819e-06 5.77255328273121e-11
0.31445883589181284 5.983356004435336e-06 5.9833052346415556e-06 5.7731172607175736e-11
0.3164119608918129 6.824362117185956e-06 6.824306100986285e-06 5.7731172607175736e-11
0.31836508589181284 7.665240445930976e-06 7.665145602115858e-06 5.773204021671594e-11
0.32031821089181284 8.505249752488453e-06 8.50518499007052e-06 5.7735510524498404e-11
0.3222713358918129 9.343851161247585e-06 9.34379499805154e-06 5.7733341606579395e-11
0.3242244608918129 1.0180367098655552e-05 1.0180356754813558e-05 5.7735510524498404e-11
0.32617758589181284 1.101431371353101e-05 1.1014262636341162e-05 5.7733341606579395e-11
0.3281307108918129 1.1844898835988715e-05 1.1844917116734771e-05 5.7730304984596507e-11
0.3300838358918129 1.267174866370624e-05 1.2671737518540815e-05 5.772509897526891e-11
0.33203696089181284 1.3494070117303636e-05 1.3494154752629256e-05 5.7721628041529053e-11
0.3339900858918129 1.4311573977465741e-05 1.4311613954710871e-05 5.7719458601949483e-11
0.3359432108918129 1.5123386219784152e-05 1.5123575106999001e-05 5.7716855166815804e-11
0.33789633589181284 1.5929450455587357e-05 1.5929513548609158e-05 5.7717289080826436e-11
0.33984946089181284 1.6728712580516003e-05 1.672892047467073e-05 5.7721628041529053e-11
0.3418025858918129 1.7521380868856795e-05 1.752130330929721e-05 5.7724665119964945e-11
0.34375571089181284 1.8306087440578267e-05 1.8306186038496342e-05 5.773073879751603e-11
0.34570883589181284 1.9083272491116077e-05 1.9083109476246177e-05 5.7733341606579395e-11
0.3476619608918129 1.985155358852353e-05 1.985163142937601e-05 5.773724560017082e-11
0.34961508589181284 2.061149280052632e-05 2.061132681314577e-05 5.773724560017082e-11
0.35156821089181284 2.1361649487516843e-05 2.1361787700918456e-05 5.7731172607175736e-11
0.3535213358918129 2.210272941738367e-05 2.2102623282214854e-05 5.773204021671594e-11
0.3554744608918129 2.2833346520201303e-05 2.2833459768379974e-05 5.773073879751603e-11
0.35742758589181284 2.3554066501674242e-05 2.3553940229798044e-05 5.772770203861887e-11
0.3593807108918129 2.4263634259114042e-05 2.4263724378487797e-05 5.772423126140011e-11
0.3613338358918129 2.496255729056429e-05 2.4962488285288853e-05 5.772726820287849e-11
0.36328696089181284 2.5649849703768268e-05 2.564992406089917e-05 5.772943734897767e-11
0.3652400858918129 2.6325815269956365e-05 2.6325739454395383e-05 5.7733341606579395e-11
0.3671932108918129 2.6989593607140705e-05 2.6989657457417936e-05 5.773724560017082e-11
0.36914633589181284 2.7641559427138418e-05 2.764141583556257e-05 5.77467875844997e-11
0.37109946089181284 2.8280774131417278e-05 2.8280766624852643e-05 5.7752858935504266e-11
0.3730525858918129 2.8907725209137425e-05 2.8907475619790913e-05 5.7754593489992064e-11
0.37500571089181284 2.9521326723624952e-05 2.9521321817945008e-05 5.775892964831655e-11
0.37695883589181284 3.012228262377903e-05 3.0122096834623586e-05 5.775676160984709e-11
0.3789119608918129 3.070951788686216e-05 3.070960431577282e-05 5.7753726219260035e-11
0.38086508589181284 3.128373282379471e-05 3.128365931419733e-05 5.775502712047435e-11
0.38281821089181284 3.184390880051069e-05 3.1844087657118586e-05 5.77506906691321e-11
0.3847713358918129 3.2390733395004645e-05 3.2390725292670154e-05 5.774938967023198e-11
0.3867244608918129 3.292322071501985e-05 3.2923417624662435e-05 5.775502712047435e-11
0.38867758589181284 3.344205833855085e-05 3.3442018813624537e-05 5.775632799238723e-11
0.3906307108918129 3.394617306184955e-05 3.39463911057105e-05 5.776803452136458e-11
0.3925838358918129 3.443645982770249e-05 3.4436404095840896e-05 5.777150266698563e-11
0.39453696089181284 3.4911725379060954e-05 3.491193401828843e-05 5.778450635919952e-11
0.3964900858918129 3.537293741828762e-05 3.537286299327794e-05 5.7790573747552436e-11
0.3984432108918129 3.5818877222482115e-05 3.581907829071517e-05 5.779447387513575e-11
0.40039633589181284 3.625050521804951e-05 3.625047157650292e-05 5.780054021718721e-11
0.40234946089181284 3.666674456326291e-05 3.666693814544666e-05 5.780184006479517e-11
0.4043025858918129 3.7068453821120784e-05 3.706837616954131e-05 5.780184006479517e-11
0.40625571089181284 3.745455978787504e-05 3.745468594465698e-05 5.7795773859177916e-11
0.40820883589181284 3.782595376833342e-05 3.782576914724578e-05 5.779880704157047e-11
0.4101619608918129 3.818162076640874e-05 3.818152811470697e-05 5.779880704157047e-11
0.41211508589181284 3.852216832456179e-05 3.852186516632014e-05 5.780270661362795e-11
0.41406821089181284 3.884682519128546e-05 3.88466819286193e-05 5.781007175426752e-11
0.4160213358918129 3.915610068361275e-05 3.9155878731080624e-05 5.782263365254048e-11
0.4179744608918129 3.944947093259543e-05 3.9449354058091305e-05 5.783605887146222e-11
0.41992758589181284 3.972714694100432e-05 3.972700404843719e-05 5.784948097477263e-11
0.4218807108918129 3.998871397925541e-05 3.998872209913921e-05 5.786289996463983e-11
0.4238338358918129 4.023444853373803e-05 4.023439851140306e-05 5.7869391907167446e-11
0.42578696089181284 4.0463874029228464e-05 4.046392026184797e-05 5.7873286723131515e-11
0.4277400858918129 4.0677099605090916e-05 4.067717086143711e-05 5.787674856173028e-11
0.4296932108918129 4.087387787876651e-05 4.087403032423277e-05 5.787588312149335e-11
0.43164633589181284 4.105417610844597e-05 4.105437522153676e-05 5.7871122968846186e-11
0.43359946089181284 4.12178851547651e-05 4.1218078882834845e-05 5.7874152202194545e-11
0.4355525858918129 4.1364772187080234e-05 4.136501170059717e-05 5.7879344804798166e-11
0.43750571089181284 4.149486994720064e-05 4.149504150629119e-05 5.7885834903023884e-11
0.43945883589181284 4.160784010309726e-05 4.160803413875454e-05 5.7897515246489594e-11
0.4414119608918129 4.1703813622007146e-05 4.170385402124492e-05 5.791481512892262e-11
0.4433650858918129 4.178228118689731e-05 4.1782364929897886e-05 5.7932542146962343e-11
0.44531821089181284 4.184351928415708e-05 4.184343078523204e-05 5.795631377767895e-11
0.4472713358918129 4.188698949292302e-05 4.188691657669041e-05 5.796884398518851e-11
0.4492244608918129 4.19129355577752e-05 4.191268933451685e-05 5.798266727858385e-11
0.45117758589181284 4.192080450593494e-05 4.192061919180263e-05 5.798828205026761e-11
0.4531307108918129 4.19108328060247e-05 4.191058049418434e-05 5.79900095629529e-11
0.4550838358918129 4.188260209048167e-05 4.188245293894836e-05 5.798655448611696e-11
0.45703696089181284 4.18362942582462e-05 4.18361227874266e-05 5.79900095629529e-11
0.45899008589181284 4.1771476389840245e-05 4.177148409120796e-05 5.7993032586327394e-11
0.4609432108918129 4.1688468627398834e-05 4.1688439946580886e-05 5.799907816037905e-11
0.46289633589181284 4.158681258559227e-05 4.1586903719608314e-05 5.80133259493548e-11
0.46484946089181284 4.1466821130597964e-05 4.146680037463594e-05 5.8034906843474985e-11
0.4668025858918129 4.132793765165843e-05 4.132806769902878e-05 5.8059067921475676e-11
0.46875571089181284 4.117062781006098e-05 4.1170657594627664e-05 5.808537480254994e-11
0.47070883589181284 4.099439684068784e-05 4.099453733767672e-05 5.8115979290723736e-11
0.4726619608918129 4.079968130099587e-05 4.0799690841070284e-05 5.813493736635138e-11
0.4746150858918129 4.058597551193088e-05 4.058611989727416e-05 5.815690376650764e-11
0.47656821089181284 4.035387610201724e-05 4.0353845417418287e-05 5.81629323074564e-11
0.4785213358918129 4.010280827060342e-05 4.0102908651332734e-05 5.816766857988378e-11
0.4804744608918129 3.983346323366277e-05 3.9833372383641294e-05 5.8167238025599114e-11
0.48242758589181284 3.954518251703121e-05 3.954532214892874e-05 5.816637690746875e-11
0.4843807108918129 3.923895565094426e-05 3.9238867370615456e-05 5.8173696005274794e-11
0.4863338358918129 3.89139968319796e-05 3.8914142540422466e-05 5.8184888138751176e-11
0.48828696089181284 3.857145566144027e-05 3.857130831555525e-05 5.820812646283767e-11
0.49024008589181284 3.821045538643375e-05 3.821055260918297e-05 5.824210656578956e-11
0.4921932108918129 3.783228021347895e-05 3.783209165729174e-05 5.828165336133063e-11
0.49414633589181284 3.743607521755621e-05 3.743617101159065e-05 5.832417919943049e-11
0.49609946089181284 3.702322646859102e-05 3.7023066490838003e-05 5.83658158776117e-11
0.4980525858918129 3.659291178337298e-05 3.6593085065989904e-05 5.839584452282458e-11
0.5000057108918129 3.614669549278915e-05 3.6146565685257455e-05 5.841985632568439e-11
0.5019588358918129 3.568376268958673e-05 3.5683879992534256e-05 5.842714367043812e-11
0.5039119608918129 3.520557947922498e-05 3.520543295357995e-05 5.843014407763754e-11
0.5058650858918129 3.471156014711596e-05 3.4711663411736326e-05 5.843142991927345e-11
0.5078182108918129 3.420320354052819e-05 3.420304445440344e-05 5.84348586919736e-11
0.5097713358918128 3.3679985790513456e-05 3.368008374032174e-05 5.844600081404873e-11
0.5117244608918128 3.314345303806476e-05 3.314332360261229e-05 5.847384683059549e-11
0.5136775858918129 3.2593205105513334e-05 3.259334105689765e-05 5.851794492200577e-11
0.5156307108918129 3.203090454917401e-05 3.203074764385225e-05 5.857141742741712e-11
0.5175838358918129 3.145611844956875e-05 3.1456189113515875e-05 5.863552006532348e-11
0.5195369608918129 3.087050572503358e-05 3.087034492511474e-05 5.869741940445669e-11
0.5214900858918129 3.0273802622105e-05 3.0273927607521797e-05 5.875499120270104e-11
0.5234432108918128 2.9667782655451443e-05 2.9667681916693745e-05 5.879887844131412e-11
0.5253963358918129 2.905221117543988e-05 2.9052383866173635e-05 5.882272572344927e-11
0.5273494608918129 2.842892354237847e-05 2.8428839532344725e-05 5.883251734256761e-11
0.5293025858918129 2.7797696020570584e-05 2.7797883769096928e-05 5.883251734256761e-11
0.5312557108918129 2.7160496756550856e-05 2.7160378678013314e-05 5.883507140998884e-11
0.5332088358918129 2.6517047444940545e-05 2.6517212003317483e-05 5.884571216436127e-11
0.5351619608918128 2.5869427190627903e-05 2.5869295302016383e-05 5.887762288907357e-11
0.5371150858918128 2.521734859328717e-05 2.5217562056909924e-05 5.893204394985198e-11
0.5390682108918129 2.4563103579566814e-05 2.456296556577161e-05 5.900806423077987e-11
0.5410213358918129 2.390632471360732e-05 2.390647679671286e-05 5.910348175086775e-11
0.5429744608918129 2.3249240257428028e-05 2.3249082018646195e-05 5.92059369511106e-11
0.5449275858918129 2.259164466522634e-05 2.2591780445522242e-05 5.929892443044582e-11
0.5468807108918128 2.1935778931947425e-05 2.1935581661518958e-05 5.937574036794628e-11
0.5488338358918128 2.128136475221254e-05 2.1281503059782512e-05 5.94267553534065e-11
0.5507869608918129 2.0630710423574783e-05 2.0630567081525446e-05 5.945035077620092e-11
0.5527400858918129 1.998362859012559e-05 1.9983798519705126e-05 5.945414202430127e-11
0.5546932108918129 1.9342394807608798e-05 1.93422215941114e-05 5.945329954561643e-11
0.5566463358918129 1.870671803771984e-05 1.8706857132954775e-05 5.946762006004291e-11
0.5585994608918129 1.8078902940033004e-05 1.807871955327612e-05 5.950551066859391e-11
0.5605525858918128 1.745864028634969e-05 1.7458813926838852e-05 5.958500251750979e-11
0.5625057108918129 1.6848327504703775e-05 1.6848132914291158e-05 5.97025736707403e-11
0.5644588358918129 1.6247491657850333e-05 1.6247653772524373e-05 5.985046817495093e-11
0.5664119608918129 1.5658548363717273e-05 1.5658335259954674e-05 6.001594441303683e-11
0.5683650858918129 1.5081004676176235e-05 1.508111463203947e-05 6.016889612195237e-11
0.5703182108918129 1.4517208001052495e-05 1.4516904580558919e-05 6.029695942767489e-11
0.5722713358918128 1.3966497135697864e-05 1.3966590264658289e-05 6.037914240643559e-11
0.5742244608918128 1.3431265870167408e-05 1.3431026315347309e-05 6.042143546764751e-11
0.5761775858918129 1.2910763871332165e-05 1.291103399365553e-05 6.04305536198865e-11
0.5781307108918129 1.2407539543346502e-05 1.2407398282488036e-05 6.04317968976884e-11
0.5800838358918129 1.1920487850147765e-05 1.1920865226370808e-05 6.045210014892537e-11
0.5820369608918129 1.1452208127593622e-05 1.1452139214169086e-05 6.052538372936821e-11
0.5839900858918129 1.1001511666108854e-05 1.1001880506063601e-05 6.066260343156664e-11
0.5859432108918128 1.057088502420811e-05 1.0570702764119959e-05 6.087196735183483e-11
0.5878963358918129 1.0158867553400341e-05 1.0159170862313415e-05 6.112938650172307e-11
0.5898494608918129 9.768027666723356e-06 9.767798674492417e-06 6.140652971784412e-11
0.5918025858918129 9.396766472491436e-06 9.397047205701736e-06 6.16580617628402e-11
0.5937557108918129 9.047626917890739e-06 9.04732272852833e-06 6.184948139481632e-11
0.5957088358918129 8.718774552107789e-06 8.718975219032013e-06 6.196518101047735e-11
0.5976619608918128 8.412671377300285e-06 8.412296877521185e-06 6.200679617903333e-11
0.5996150858918128 8.127378350764047e-06 8.127520931990727e-06 6.200841173871623e-11
0.6015682108918129 7.865228326409124e-06 7.864820532045815e-06 6.20229498821845e-11
0.6035213358918129 7.6241335591475945e-06 7.624307945115099e-06 6.211010728107651e-11
0.6054744608918129 7.406360964523628e-06 7.406033853272468e-06 6.231219663676758e-11
0.6074275858918129 7.20975822332548e-06 7.20998692592104e-06 6.264889610675326e-11
0.6093807108918128 7.036419447103981e-06 7.036093532494624e-06 6.309503383776623e-11
0.6113338358918128 6.883942205604399e-06 6.884217725225992e-06 6.359044091752129e-11
0.6132869608918129 6.754396963515319e-06 6.754161354359924e-06 6.40542642937497e-11
0.6152400858918129 6.645291705353884e-06 6.64566447885567e-06 6.440791129128674e-11
0.6171932108918129 6.558564109582221e-06 6.558405890447915e-06 6.460901543916711e-11
0.6191463358918129 6.491583462775452e-06 6.492003945406182e-06 6.467332963264423e-11
0.6210994608918129 6.446154202421894e-06 6.4460175483661905e-06 6.467487858313023e-11
0.6230525858918128 6.419619694497669e-06 6.419947391391732e-06 6.473255058410995e-11
0.6250057108918129 6.413451046682894e-06 6.41323740399002e-06 6.498238499600061e-11
0.6269588358918129 6.425056653824868e-06 6.4252764625302575e-06 6.551093201850889e-11
0.6289119608918129 6.455636139435228e-06 6.455400266106824e-06 6.631756994567887e-11
0.6308650858918129 6.502738870040048e-06 6.502893535941716e-06 6.729115765469361e-11
0.6328182108918129 6.5672384153003804e-06 6.566992358668074e-06 6.824131748957364e-11
0.6347713358918128 6.646803285548231e-06 6.646886843416664e-06 6.896813468022607e-11
0.6367244608918128 6.741955530742416e-06 6.74172392741978e-06 6.935450975071254e-11
0.6386775858918129 6.85058330418542e-06 6.85061048174089e-06 6.9436432156023e-11
0.6406307108918129 6.972805749683175e-06 6.972616542958195e-06 6.945266080374638e-11
0.6425838358918129 7.106696557457326e-06 7.106778814064989e-06 6.978361917968574e-11
0.6445369608918129 7.2521415859228e-06 7.252104268605864e-06 7.079975908440918e-11
0.6464900858918129 7.4074418989766855e-06 7.407573967775468e-06 7.261484546499778e-11
0.6484432108918128 7.572154572699219e-06 7.572146938562402e-06 7.493510944882249e-11
0.6503963358918129 7.744661161268596e-06 7.744764198092374e-06 7.711196655845446e-11
0.6523494608918129 7.924376404844224e-06 7.924352764216888e-06 7.846960277306423e-11
0.6543025858918129 8.10976871434832e-06 8.109829755274189e-06 7.87989216969499e-11
0.6562557108918129 8.300119588966481e-06 8.30010638197804e-06 7.887929036954636e-11
0.6582088358918129 8.494016583426856e-06 8.494091945024653e-06 8.059296038894757e-11
0.6601619608918128 8.690723916515708e-06 8.690697633027906e-06 8.575775869282396e-11
0.6621150858918128 8.888830961950589e-06 8.888840248900377e-06 9.369931191299782e-11
0.6640682108918129 9.087564649234992e-06 9.087445648163117e-06 1.0020423878744657e-10
0.6660213358918129 9.285446139983833e-06 9.285452016219885e-06 1.0111188007149506e-10
0.6679744608918129 9.481896995566785e-06 9.481812803314935e-06 1.089854799719827e-10
0.6699275858918129 9.675401088315994e-06 9.675499414382968e-06 1.8024427118217547e-10
0.6718807108918129 9.865378160611726e-06 9.865503529691858e-06 3.641245583171916e-10
0.6738338358918128 1.0050423043139745e-05 1.0050839125977832e-05 6.898226979653991e-10
0.6757869608918129 1.0230082807538565e-05 1.0230544120800729e-05 1.2026236601872345e-09
0.6777400858918129 1.0402833140688017e-05 1.0403681715228083e-05 1.9651160196847524e-09
0.6796932108918129 1.0568372999841813e-05 1.056934137163923e-05 3.056407714919189e-09
0.6816463358918129 1.072514623956522e-05 1.0726639540703434e-05 4.573297273030759e-09
0.6835994608918129 1.0873276551137678e-05 1.0874720083286826e-05 6.632079949229106e-09
0.6855525858918128 1.1010881280526519e-05 1.1012754499487602e-05 9.370576243588955e-09
0.6875057108918128 1.1138474292238243e-05 1.113994196773583e-05 1.2950167488801012e-08
0.6894588358918129 1.1254026503593195e-05 1.1255509300284576e-05 1.7557802776614298e-08
0.6914119608918129 1.135848378908122e-05 1.135871082853777e-05 2.3407898994756424e-08
0.6933650858918129 1.144953967013862e-05 1.1448828334895997e-05 3.0744068558242115e-08
0.6953182108918129 1.152848926722072e-05 1.1525171070838233e-05 3.98406372467425e-08
0.6972713358918128 1.1592954251682386e-05 1.1587075957984454e-05 5.1003885630103876e-08
0.6992244608918128 1.1644574442470912e-05 1.1633908012320749e-05 6.457297594829176e-08
0.7011775858918129 1.1680912393785547e-05 1.1665061106568167e-05 8.092050220938106e-08
0.7031307108918129 1.1703778909577522e-05 1.1679959067140776e-05 1.0045261582829679e-07
0.7050838358918129 1.1710801118169911e-05 1.1678057219283245e-05 1.2360870047652936e-07
0.7070369608918129 1.1704021744662896e-05 1.1658844384097054e-05 1.5086053153511334e-07
0.7089900858918129 1.1681042451527901e-05 1.1621845364855106e-05 1.8271092009624158e-07
0.7109432108918128 1.1644063306448516e-05 1.1566623946713734e-05 2.196917853038271e-07
0.7128963358918129 1.15909097075928e-05 1.14927864056494e-05 2.6236166886588096e-07
0.7148494608918129 1.1523808097990695e-05 1.1399985497256562e-05 3.1130266316634897e-07
0.7168025858918129 1.144078851211816e-05 1.1287924919611333e-05 3.6711677012814815e-07
0.7187557108918129 1.1344023732817732e-05 1.11563641733922e-05 4.3042169639396923e-07
0.7207088358918129 1.1231750249862671e-05 1.1005123782089827e-05 5.018461149389649e-07
0.7226619608918128 1.1106324564025272e-05 1.0834090759874668e-05 5.820244248921537e-07
0.7246150858918128 1.0965992260025814e-05 1.0643224266695476e-05 6.715910510530069e-07
0.7265682108918129 1.0813198969117366e-05 1.043256130842756e-05 7.711743513853987e-07
0.7285213358918129 1.0646416740200948e-05 1.020222239977578e-05 8.813901779493093e-07
0.7304744608918129 1.0468039363331627e-05 9.952417030674005e-06 1.0028351819073595e-06
0.7324275858918129 1.027665439323755e-05 9.683448828772476e-06 1.1360799359996225e-06
0.7343807108918129 1.007467471936252e-05 9.395720272895637e-06 1.2816619593774719e-06
0.7363338358918128 9.860944373940583e-06 9.089736822321117e-06 1.4400787453259972e-06
0.7382869608918129 9.637833500164561e-06 8.766110338475956e-06 1.611780876767575e-06
0.7402400858918129 9.404295269632712e-06 8.425561665987108e-06 1.7971653407360983e-06
0.7421932108918129 9.162658898276277e-06 8.068922266527663e-06 1.9965691290563453e-06
0.7441463358918129 8.912096745916642e-06 7.697134795886647e-06 2.2102632289502344e-06
0.7460994608918129 8.654936209495645e-06 7.311252541580973e-06 2.438447092371269e-06
0.7480525858918128 8.390295988647267e-06 6.912437646982651e-06 2.681243680767336e-06
0.7500057108918128 8.120604434225243e-06 6.501958071116095e-06 2.938695159339181e-06
0.7519588358918129 7.845043910492677e-06 6.0811832532938065e-06 3.2107593228869518e-06
0.7539119608918129 7.566051408502972e-06 5.651578477722339e-06 3.4973068138380523e-06
0.7558650858918129 7.282759270310635e-06 5.214697943835282e-06 3.7981191922290575e-06
0.7578182108918129 6.997576292633312e-06 4.772176585278087e-06 4.112887897961252e-06
0.7597713358918128 6.709712124575162e-06 4.325720695846672e-06 4.441214138412348e-06
0.7617244608918128 6.421580110327341e-06 3.877097437411283e-06 4.7826097183366385e-06
0.7636775858918129 6.132291218818864e-06 3.42812334333863e-06 5.136498819733289e-06
0.7656307108918129 5.844323368364712e-06 2.980651924395876e-06 5.502220719996275e-06
0.7675838358918129 5.556777068704832e-06 2.5365605233743526e-06 5.879033428751377e-06
0.7695369608918129 5.2721384236065205e-06 2.0977365674140717e-06 6.2661182064996895e-06
0.7714900858918129 4.98924464409356e-06 1.6660633856713537e-06 6.662584918997409e-06
0.7734432108918128 4.710727353085531e-06 1.2434057569196524e-06 7.067478166444726e-06
0.7753963358918129 4.435261871549301e-06 8.315953794916841e-07 7.479784118040339e-06
0.7773494608918129 4.165562586422311e-06 4.3241643375517316e-07 7.898437970872413e-06
0.7793025858918129 3.900100182363531e-06 4.759142415990584e-08 8.322331945620367e-06
0.7812557108918129 3.641621560745989e-06 -3.2123251639484546e-07 8.750323722557498e-06
0.7832088358918129 3.3886026358231902e-06 -6.724966965767572e-07 9.181245216804951e-06
0.7851619608918128 3.1435702112503346e-06 -1.0047431412341263e-06 9.613911588770963e-06
0.7871150858918128 2.9049519980617333e-06 -1.3166259202927594e-06 1.0047130380755743e-05
0.7890682108918129 2.675204541446874e-06 -1.606921398911768e-06 1.0479710673477892e-05
0.7910213358918129 2.4527801087970147e-06 -1.8745372848568295e-06 1.091047215385527e-05
0.7929744608918129 2.2400292891688878e-06 -2.118520370878983e-06 1.1338253991008078e-05
0.7949275858918129 2.0352154024294578e-06 -2.338062893899304e-06 1.1761923418683756e-05
0.7968807108918129 1.8407421293886728e-06 -2.5325074416668827e-06 1.2180383930253167e-05
0.7988338358918128 1.6547221548535163e-06 -2.7013503714221186e-06 1.2592582996841594e-05
0.8007869608918129 1.4794007938689893e-06 -2.8442437196148363e-06 1.2997519228863885e-05
0.8027400858918129 1.3128554883223842e-06 -2.9609956002721435e-06 1.3394248909239227e-05
0.8046932108918129 1.157272890850436e-06 -3.051569119698847e-06 1.3781891836067606e-05
0.8066463358918129 1.0107273737958158e-06 -3.116079843277833e-06 1.4159636423733706e-05
0.8085994608918129 8.751781592764019e-07 -3.1547918783519475e-06 1.4526744021112506e-05
0.8105525858918128 7.486871709261331e-07 -3.1681126481221764e-06 1.4882552418085089e-05
0.8125057108918128 6.331161443995379e-07 -3.1565864487770235e-06 1.5226478521360562e-05
0.8144588358918129 5.264165565677104e-07 -3.1208868970781077e-06 1.555802019309153e-05
0.8164119608918129 4.304117169340324e-07 -3.0618083829968487e-06 1.5876757256187174e-05
0.8183650858918129 3.4294671991119685e-07 -2.9802566550271432e-06 1.618235168074775e-05
0.8203182108918129 2.658637185959378e-07 -2.8772386708844642e-06 1.6474546976810814e-05
0.8222713358918128 1.9692420494266032e-07 -2.753851850546923e-06 1.675316682756204e-05
0.8242244608918128 1.3779411744962915e-07 -2.611272872356027e-06 1.701811300583578e-05
0.8261775858918129 8.621658054153158e-08 -2.4507461522912275e-06 1.7269362625375555e-05
0.8281307108918129 4.387487706480897e-08 -2.273572144518381e-06 1.750696478403105e-05
0.8300838358918129 8.340304447074232e-09 -2.0810955988637074e-06 1.773103666308506e-05
0.8320369608918129 -1.8662799305958225e-08 -1.874693903301817e-06 1.7941759150808778e-05
0.8339900858918129 -3.953256921818138e-08 -1.6557656349099945e-06 1.8139372062421356e-05
0.8359432108918128 -5.2656602633760485e-08 -1.4257194318914535e-06 1.8324169031050102e-05
0.8378963358918129 -6.045789291420078e-08 -1.1859632915067892e-06 1.8496492145402627e-05
0.8398494608918129 -6.141242891999439e-08 -9.378943865873078e-07 1.8656726410211316e-05
0.8418025858918129 -5.801451052889206e-08 -6.828894834299572e-07 1.8805294104425198e-05
0.8437557108918129 -4.8532491803143785e-08 -4.2229603047648945e-07 1.89426491101266e-05
0.8457088358918129 -3.564451134252437e-08 -1.574239761995526e-07 1.9069271281915778e-05
0.8476619608918128 -1.7604911306533785e-08 1.1046163791898046e-07 1.918566092266765e-05
0.8496150858918128 2.853596692276028e-09 3.801472765455569e-07 1.929233342649946e-05
0.8515682108918129 2.761822237573512e-08 6.504766789157234e-07 1.9389814144160146e-05
0.8535213358918129 5.376869793849437e-08 9.203557873094749e-07 1.9478633519848084e-05
0.8554744608918129 8.331237921765933e-08 1.1887568351730587e-06 1.9559322541513883e-05
0.8574275858918129 1.1333022342796624e-07 1.4547216059939425e-06 1.963240853969281e-05
0.8593807108918129 1.4592666275348165e-07 1.71736388247521e-06 1.9698411362401692e-05
0.8613338358918128 1.781700120773158e-07 1.975871114148589e-06 1.9757839946229578e-05
0.8632869608918129 2.1202325228841716e-07 2.229505338923106e-06 1.9811189296355457e-05
0.8652400858918129 2.4482204707965223e-07 2.477603400452763e-06 1.9858937881035654e-05
0.8671932108918129 2.783768593417335e-07 2.7195765084364296e-06 1.990154543929923e-05
0.8691463358918129 3.1009693657324533e-07 2.954909193293408e-06 1.9939451194237862e-05
0.8710994608918129 3.4172867913184746e-07 3.18315771001342e-06 1.9973072458511796e-05
0.8730525858918128 3.709903637627576e-07 3.4039479481947325e-06 2.0002803613620743e-05
0.8750057108918128 3.9945163621268875e-07 3.6169729066526745e-06 2.0029015440129048e-05
0.8769588358918129 4.2498584207351087e-07 3.821989791532899e-06 2.0052054772488435e-05
0.8789119608918129 4.489511127303558e-07 4.018816796470413e-06 2.0072244449354842e-05
0.8808650858918129 4.6963992872406295e-07 4.207329622238834e-06 2.0089883528360598e-05
0.8828182108918129 4.881659947386652e-07 4.3874577916822704e-06 2.0105247733164676e-05
0.8847713358918129 5.031261594012904e-07 4.559180813397195e-06 2.011859010019878e-05
0.8867244608918128 5.154604991730594e-07 4.722524244654802e-06 2.0130141792820797e-05
0.8886775858918129 5.240149221208412e-07 4.8775557011566865e-06 2.0140113051490177e-05
0.8906307108918129 5.296133167576045e-07 5.024380857324208e-06 2.0148694250007703e-05
0.8925838358918129 5.312118673828081e-07 5.163139477293488e-06 2.0156057029733673e-05
0.8945369608918129 5.295203209243482e-07 5.294001512682925e-06 2.0162355485913497e-05
0.8964900858918129 5.238272819951817e-07 5.4171632992428684e-06 2.016772738270129e-05
0.8984432108918128 5.146914645592923e-07 5.532843880293364e-06 2.0172295376097943e-05
0.9003963358918128 5.016107706978801e-07 5.641281480973855e-06 2.0176168226722698e-05
0.9023494608918129 4.850011805501708e-07 5.742730153200849e-06 2.0179441987039552e-05
0.9043025858918129 4.6454249513772083e-07 5.837456607507497e-06 2.018220115029936e-05
0.9062557108918129 4.406428786296601e-07 5.925737244249955e-06 2.018451975097953e-05
0.9082088358918129 4.1293461094937896e-07 6.007855393214025e-06 2.0186462408860388e-05
0.9101619608918128 3.8191615203686524e-07 6.084098767452916e-06 2.0188085311040537e-05
0.9121150858918128 3.473764991213102e-07 6.1547571342453055e-06 2.0189437128137865e-05
0.9140682108918129 3.0973171760706464e-07 6.220120203338422e-06 2.019055986263757e-05
0.9160213358918129 2.68737494479864e-07 6.28047573029481e-06 2.0191489628828046e-05
0.9179744608918129 2.2484083217477746e-07 6.336107830571026e-06 2.0192257365013374e-05
0.9199275858918129 1.7791455775295532e-07 6.387295498181324e-06 2.0192889479716284e-05
0.9218807108918129 1.2830901141569484e-07 6.434311321174404e-06 2.019340843440079e-05
0.9238338358918128 7.601123996892056e-08 6.477420384890729e-06 2.0193833265867576e-05
0.9257869608918129 2.12725854709106e-08 6.516879352908013e-06 2.01941800519252e-05
0.9277400858918129 -3.573639517640004e-08 6.55293571478009e-06 2.0194462324238114e-05
0.9296932108918129 -9.489303920418024e-08 6.5858271890943366e-06 2.0194691432418587e-05
0.9316463358918129 -1.5606764236508752e-07 6.6157812699973965e-06 2.0194876863484505e-05
0.9335994608918129 -2.1911517933403957e-07 6.643014905157995e-06 2.0195026520768585e-05
0.9355525858918128 -2.838479247202477e-07 6.667734293108453e-06 2.019514696625452e-05
0.9375057108918128 -3.5021420785597e-07 6.6901347880392355e-06 2.019524363014947e-05
0.9394588358918129 -4.179370023393858e-07 6.710400900380649e-06 2.019532099129408e-05
0.9414119608918129 -4.871087071478541e-07 6.7287063818704346e-06 2.019538273177461e-05
0.9433650858918129 -5.572591703639765e-07 6.745214384263683e-06 2.0195431868847415e-05
0.9453182108918129 -6.287511951086344e-07 6.760077681379077e-06 2.019547086702344e-05
0.9472713358918129 -7.010335707491322e-07 6.773438944762397e-06 2.0195501732897066e-05
0.9492244608918128 -7.745401831016352e-07 6.78543106388035e-06 2.019552609504566e-05
0.9511775858918129 -8.485796456625394e-07 6.796177502425608e-06 2.0195545271077994e-05
0.9531307108918129 -9.237129461325821e-07 6.805792682985717e-06 2.0195560323674868e-05
0.9550838358918129 -9.993036655941978e-07 6.814382393017408e-06 2.019557210724598e-05
0.9570369608918129 -1.0759000588222989e-06 6.822044205743556e-06 2.019558130662459e-05
0.9589900858918129 -1.1529402854648652e-06 6.828867910260569e-06 2.019558846903706e-05
0.9609432108918128 -1.2310307511143037e-06 6.834935945786488e-06 2.0195594030417106e-05
0.9628963358918128 -1.3096711199978017e-06 6.84032383560464e-06 2.0195598336985297e-05
0.9648494608918129 -1.3893660479880054e-06 6.845100616846275e-06 2.0195601662881018e-05
0.9668025858918129 -1.4696669268232654e-06 6.849329262813374e-06 2.0195604224517305e-05
0.9687557108918129 -1.5512080153712304e-06 6.853067095061669e-06 2.0195606192225904e-05
0.9707088358918129 -1.6335385453203344e-06 6.856366182947054e-06 2.0195607699670888e-05
0.9726619608918128 -1.7173343849208322e-06 6.859273728779171e-06 2.0195608851431893e-05
0.9746150858918128 -1.8021677306023776e-06 6.861832437129698e-06 2.0195609729091847e-05
0.9765682108918129 -1.8886781845139922e-06 6.8640808672057725e-06 2.0195610396107396e-05
0.9785213358918129 -1.9765482193179196e-06 6.866053767524051e-06 2.0195610901692303e-05
0.9804744608918129 -2.0663649138441542e-06 6.867782392408598e-06 2.019561128390347e-05
0.9824275858918129 -2.1578059659077553e-06 6.869294800088285e-06 2.019561157208516e-05
0.9843807108918129 -2.2516805984196253e-06 6.870616132387951e-06 2.0195611788798535e-05
0.9863338358918128 -2.3475540729123168e-06 6.871768876194625e-06 2.0195611951339905e-05
0.9882869608918129 -2.4462979126838036e-06 6.872773107038147e-06 2.0195612072931468e-05
0.9902400858918129 -2.5474193989794003e-06 6.8736467152561265e-06 2.019561216365225e-05
0.9921932108918129 -2.6518787308305036e-06 6.87440561531941e-06 2.019561223116353e-05
0.9941463358918129 -2.759157041509752e-06 6.875063938978e-06 2.0195612281272384e-05
0.9960994608918129 -2.8701472274406115e-06 6.875634212951222e-06 2.0195612318368083e-05
0.9980525858918128 -2.984436150654801e-06 6.876127521931752e-06 2.0195612345758954e-05
1.0000057108918128 -3.1028851026349002e-06 6.876553657703539e-06 2.019561236593163e-05
