X Y mu sigma
0.00196078431372549 -1.2147696907049976e-05 -1.2147648076347548e-05 1.0668727341526571e-10
0.00391390931372549 -1.1967345926677808e-05 -1.1967292788022148e-05 6.896430227978679e-11
0.00586703431372549 -1.178298862214433e-05 -1.178307933826658e-05 5.6509696106160056e-11
0.00782015931372549 -1.1595424439292401e-05 -1.1595441848050315e-05 5.526542261988534e-11
0.00977328431372549 -1.1404727047192864e-05 -1.14048341489594e-05 5.501755894225276e-11
0.01172640931372549 -1.121173772844486e-05 -1.1211728688941144e-05 5.3137843416455394e-11
0.01367953431372549 -1.1016541975550354e-05 -1.1016615411252199e-05 5.010137074952614e-11
0.01563265931372549 -1.0820102033903824e-05 -1.0820000534367463e-05 4.700362323484425e-11
0.01758578431372549 -1.0622422450978775e-05 -1.0622405281853581e-05 4.467668641107793e-11
0.01953890931372549 -1.0424514584883582e-05 -1.04243645465399e-05 4.3395636267267214e-11
0.02149203431372549 -1.0226387530565262e-05 -1.0226425509225775e-05 4.2957334463312325e-11
0.02344515931372549 -1.0029254553955978e-05 -1.002914616030358e-05 4.291535796933216e-11
0.02539828431372549 -9.832998330239207e-06 -9.833093827408536e-06 4.2878945101528436e-11
0.02735140931372549 -9.638936717237812e-06 -9.638843568708769e-06 4.2598510692465616e-11
0.02930453431372549 -9.446814146940595e-06 -9.446976593423848e-06 4.201272888135109e-11
0.03125765931372549 -9.25819949770812e-06 -9.25807860006853e-06 4.1196140919499034e-11
0.03321078431372549 -9.072576176549774e-06 -9.072738080380141e-06 4.027213977008649e-11
0.03516390931372549 -8.891671313904226e-06 -8.891544565805378e-06 3.9372237569390196e-11
0.03711703431372549 -8.714891009731218e-06 -8.715086896781334e-06 3.864375783623754e-11
0.03907015931372549 -8.544078809791245e-06 -8.543951388005567e-06 3.813042549657265e-11
0.04102328431372549 -8.378586244361942e-06 -8.378720048530522e-06 3.783464628896768e-11
0.04297640931372549 -8.220109521062115e-06 -8.219968728209517e-06 3.772492280085261e-11
0.04492953431372549 -8.068165698205121e-06 -8.068265312769373e-06 3.770580786175393e-11
0.04688265931372549 -7.924297278805169e-06 -7.924167834683779e-06 3.769624675741755e-11
0.04883578431372549 -7.788140464981552e-06 -7.788222698798896e-06 3.7638031044213055e-11
0.05078890931372549 -7.66103585192468e-06 -7.660962811726714e-06 3.751492350415075e-11
0.05274203431372549 -7.542796993220691e-06 -7.5429058097276805e-06 3.726910046247143e-11
0.05469515931372549 -7.4346057772345375e-06 -7.434552260704095e-06 3.693879172759258e-11
0.05664828431372549 -7.336326234508306e-06 -7.336383945695081e-06 3.654965891508769e-11
0.05860140931372549 -7.2488951445848215e-06 -7.248862147335139e-06 3.616381471177481e-11
0.06055453431372549 -7.172338428063085e-06 -7.172426009953922e-06 3.5799829842151573e-11
0.06250765931372548 -7.107535111572361e-06 -7.1074909227776525e-06 3.5492247367166936e-11
0.06446078431372548 -7.054416073515313e-06 -7.054447030224053e-06 3.5270660085252075e-11
0.06641390931372548 -7.013706181169255e-06 -7.013657740833633e-06 3.513242020620844e-11
0.06836703431372548 -6.985467734921258e-06 -6.98545836334989e-06 3.505966890778125e-11
0.07032015931372548 -6.970284630369861e-06 -6.970154789423042e-06 3.5029668574391106e-11
0.07227328431372548 -6.968090019654483e-06 -6.968022319184842e-06 3.5033955909157096e-11
0.07422640931372548 -6.979378667892888e-06 -6.979304521273273e-06 3.502280774710611e-11
0.07617953431372548 -7.004204235272482e-06 -7.004212211130732e-06 3.499020044628707e-11
0.07813265931372548 -7.0429177867481485e-06 -7.0429225758278834e-06 3.492231414303302e-11
0.08008578431372548 -7.0955434239294846e-06 -7.0955783291921095e-06 3.481721702700451e-11
0.08203890931372548 -7.1622143877903e-06 -7.162287051867751e-06 3.4659840498037806e-11
0.08399203431372548 -7.243081199703738e-06 -7.243120587519738e-06 3.4477359562473214e-11
0.08594515931372548 -7.338031082326779e-06 -7.338114591876132e-06 3.4278137508966506e-11
0.08789828431372548 -7.4472318374319e-06 -7.4472681730026016e-06 3.408568313750971e-11
0.08985140931372548 -7.570436082460219e-06 -7.570543656955446e-06 3.391074314893065e-11
0.09180453431372548 -7.70785663917195e-06 -7.707866508222265e-06 3.377227340681482e-11
0.09375765931372548 -7.859066499804612e-06 -7.859125256138014e-06 3.3651091305764164e-11
0.09571078431372548 -8.024288945307488e-06 -8.024171667125485e-06 3.358407588236837e-11
0.09766390931372548 -8.202790922950953e-06 -8.202820953996637e-06 3.355454669439522e-11
0.09961703431372548 -8.39502172311768e-06 -8.394852090896661e-06 3.3528575332550075e-11
0.10157015931372548 -8.599969987699296e-06 -8.600008298662985e-06 3.3533950368040163e-11
0.10352328431372548 -8.818098649499008e-06 -8.817997526875926e-06 3.3533950368040163e-11
0.10547640931372548 -9.048375432030298e-06 -9.048493169242933e-06 3.35151339724496e-11
0.10742953431372548 -9.291196874983141e-06 -9.291134730534822e-06 3.348733806485893e-11
0.10938265931372548 -9.545435204927344e-06 -9.545528722545696e-06 3.344694806334996e-11
0.11133578431372548 -9.811352356337013e-06 -9.811249546389937e-06 3.337322281197784e-11
0.11328890931372548 -1.0087756891152821e-05 -1.0087840495971543e-05 3.328670283411655e-11
0.11524203431372548 -1.0374913472332993e-05 -1.0374814812949593e-05 3.3179140942698915e-11
0.11719515931372548 -1.0671585187083112e-05 -1.0671656889723223e-05 3.3075770407312605e-11
0.11914828431372548 -1.0977940291923003e-05 -1.0977823368726152e-05 3.296843146721677e-11
0.12110140931372548 -1.1292654562566895e-05 -1.1292744558011646e-05 3.287536455557166e-11
0.12305453431372548 -1.161598993348889e-05 -1.1615825599870891e-05 3.2794859312269196e-11
0.12500765931372548 -1.1946400263695978e-05 -1.1946447969473833e-05 3.273435044870868e-11
0.12696078431372548 -1.2284150216146372e-05 -1.228397077648411e-05 3.268567890437992e-11
0.12891390931372548 -1.2627614523808006e-05 -1.2627732346840248e-05 3.266453472590814e-11
0.13086703431372548 -1.2977146070625167e-05 -1.2977051563920717e-05 3.264981765612486e-11
0.13282015931372548 -1.3331078662304208e-05 -1.3331229501399118e-05 3.264889761899453e-11
0.13477328431372548 -1.368957236991264e-05 -1.3689550894957562e-05 3.264889761899453e-11
0.13672640931372548 -1.4051123798708431e-05 -1.4051285723049595e-05 3.2642456632999834e-11
0.13867953431372548 -1.4415691111935303e-05 -1.4415690764829126e-05 3.2644297044392104e-11
0.14063265931372548 -1.4781856407353189e-05 -1.4782011207256055e-05 3.2615758997782207e-11
0.14258578431372548 -1.5149411410675384e-05 -1.514948221432426e-05 3.258903949130056e-11
0.14453890931372548 -1.551712557557039e-05 -1.5517330539867857e-05 3.2543842890435715e-11
0.14649203431372548 -1.5884761523921043e-05 -1.588477608633094e-05 3.248933906319148e-11
0.14844515931372548 -1.62509641086217e-05 -1.6251033547414718e-05 3.24264074523394e-11
0.15039828431372548 -1.6615387721685693e-05 -1.6615313931321896e-05 3.2369849991397184e-11
0.15235140931372548 -1.6976886399788782e-05 -1.6976826205831646e-05 3.2314123133834176e-11
0.15430453431372548 -1.733490171318408e-05 -1.733477879155497e-05 3.2252712380448585e-11
0.15625765931372548 -1.768850597727578e-05 -1.768838114410644e-05 3.220890910125628e-11
0.15821078431372548 -1.8036973415291868e-05 -1.803684529834075e-05 3.217531732180452e-11
0.16016390931372548 -1.8379525499767624e-05 -1.8379387353086155e-05 3.215664005934845e-11
0.16211703431372548 -1.871545464382507e-05 -1.871522895632131e-05 3.213327821497666e-11
0.16407015931372548 -1.9043807697016746e-05 -1.9043598786359963e-05 3.213701725131873e-11
0.16602328431372548 -1.9363948013051413e-05 -1.9363733940176935e-05 3.2128603807635554e-11
0.16797640931372548 -1.967497883015312e-05 -1.9674881413161894e-05 3.213327821497666e-11
0.16992953431372548 -1.9976261683041226e-05 -1.9976299398167608e-05 3.2130473652177085e-11
0.17188265931372548 -2.0267096260795373e-05 -2.0267258672698073e-05 3.2120188160166026e-11
0.17383578431372548 -2.0546791347442198e-05 -2.0547043838576217e-05 3.2121123340989895e-11
0.17578890931372548 -2.0814670278923586e-05 -2.0814954656086978e-05 3.210709276854331e-11
0.17774203431372548 -2.1070067305117842e-05 -2.107030719242248e-05 3.208743966029247e-11
0.17969515931372548 -2.1312178432708603e-05 -2.1312435068498096e-05 3.205559479566658e-11
0.18164828431372548 -2.1540485249715854e-05 -2.1540690502065174e-05 3.202090410539925e-11
0.18360140931372548 -2.175430563511327e-05 -2.1754445470018887e-05 3.198993202119765e-11
0.18555453431372548 -2.195304841734469e-05 -2.1953092694208085e-05 3.1952349851242666e-11
0.18750765931372548 -2.21360896830447e-05 -2.213604662832845e-05 3.1925075113151154e-11
0.18946078431372548 -2.230287645943463e-05 -2.2302744394686267e-05 3.189871875463175e-11
0.19141390931372548 -2.245277755719144e-05 -2.2452646676142798e-05 3.187328305393819e-11
0.19336703431372548 -2.258552376588341e-05 -2.2585238464127637e-05 3.185914333432749e-11
0.19532015931372548 -2.270013101224322e-05 -2.2700029911157386e-05 3.1840280607194775e-11
0.19727328431372548 -2.27968193939887e-05 -2.2796556952884687e-05 3.1843110728582275e-11
0.19922640931372548 -2.2874382921145298e-05 -2.287438203594584e-05 3.1844997336441774e-11
0.20117953431372548 -2.2933298168936744e-05 -2.293309457235602e-05 3.1840280607194775e-11
0.20313265931372548 -2.297221908520441e-05 -2.2972311635943684e-05 3.1843110728582275e-11
0.20508578431372548 -2.299181687703822e-05 -2.2991678262639627e-05 3.184594059845932e-11
0.20703890931372548 -2.2990723664406687e-05 -2.299086799987688e-05 3.1840280607194775e-11
0.20899203431372548 -2.2969707060838118e-05 -2.2969583112213693e-05 3.183839371984195e-11
0.21094515931372548 -2.2927317331777882e-05 -2.292755499849277e-05 3.1827070046554394e-11
0.21289828431372548 -2.2864614948048253e-05 -2.2864544327172135e-05 3.182235066011309e-11
0.21485140931372548 -2.2780090148444287e-05 -2.278034129815112e-05 3.180724391790876e-11
0.21680453431372548 -2.267492345708888e-05 -2.2674765668313247e-05 3.179874322154572e-11
0.21875765931372548 -2.2547441403730772e-05 -2.2547666910553992e-05 3.177417287927074e-11
0.22071078431372548 -2.2399075533030555e-05 -2.2398924174397398e-05 3.176471768701281e-11
0.22266390931372548 -2.2228232410270717e-05 -2.2228446262188046e-05 3.175052961914784e-11
0.22461703431372548 -2.203629082941916e-05 -2.2036171538722426e-05 3.1731602327081816e-11
0.22657015931372548 -2.1821799236931838e-05 -2.1822067858292335e-05 3.17240282483662e-11
0.22852328431372548 -2.1586209186352786e-05 -2.1586132320255044e-05 3.171361093654207e-11
0.23047640931372548 -2.1328125512809496e-05 -2.1328391113041537e-05 3.170792732391483e-11
0.23242953431372548 -2.1049076167400926e-05 -2.1048899207464835e-05 3.17012951546203e-11
0.23438265931372548 -2.0747504095197652e-05 -2.0747740130781217e-05 3.1706032559962975e-11
0.23633578431372548 -2.0425275579327717e-05 -2.042502559377774e-05 3.1697504720559447e-11
0.23828890931372548 -2.0080738977412697e-05 -2.0080895163978967e-05 3.170792732391483e-11
0.24024203431372548 -1.9715855160029605e-05 -1.9715515827391716e-05 3.1714558106285775e-11
0.24219515931372548 -1.9328997950651683e-05 -1.932908164024821e-05 3.171645236091528e-11
0.24414828431372548 -1.892219006549567e-05 -1.8921813197991445e-05 3.1714558106285775e-11
0.24610140931372548 -1.8493912648409605e-05 -1.8493957231550512e-05 3.172592193756343e-11
0.24805453431372548 -1.8046088371193036e-05 -1.8045786020493153e-05 3.17287622594424e-11
0.2500076593137255 -1.7577411199454218e-05 -1.7577596937546253e-05 3.172781551373495e-11
0.2519607843137255 -1.7089878383558244e-05 -1.7089711844595515e-05 3.172686873977614e-11
0.2539139093137255 -1.6582223906880245e-05 -1.6582476531760434e-05 3.1732548959809085e-11
0.2558670343137255 -1.6056430467870086e-05 -1.6056260080727893e-05 3.1723081361376614e-11
0.2578201593137255 -1.551121022203006e-05 -1.5511454262264575e-05 3.172497510709429e-11
0.2597732843137255 -1.4948654097679537e-05 -1.4948472843765356e-05 3.1718346502417817e-11
0.2617264093137255 -1.4367564290296286e-05 -1.436775098517897e-05 3.1712663738509015e-11
0.2636795343137255 -1.3769883480563294e-05 -1.376974438009467e-05 3.170319020170659e-11
0.2656326593137255 -1.315469853579998e-05 -1.3154928681906244e-05 3.171171651218408e-11
0.2675857843137255 -1.2523880286607891e-05 -1.2523798618167055e-05 3.1706032559962975e-11
0.2695389093137255 -1.1876672942889854e-05 -1.1876867295017816e-05 3.170697995609245e-11
0.2714920343137255 -1.121477998822229e-05 -1.1214665296689565e-05 3.1712663738509015e-11
0.2734451593137255 -1.053754112945171e-05 -1.0537739899644755e-05 3.1715505247742666e-11
0.2753982843137255 -9.846726243267767e-06 -9.846654173466011e-06 3.172497510709429e-11
0.2773514093137255 -9.141818736679854e-06 -9.141986091625087e-06 3.173822816324781e-11
0.2793045343137255 -8.4243756646174e-06 -8.424327580114308e-06 3.175336773988284e-11
0.2812576593137255 -7.694136911595706e-06 -7.694283600870359e-06 3.176377201298687e-11
0.2832107843137255 -6.952574494789587e-06 -6.952471141293617e-06 3.177795416845219e-11
0.2851639093137255 -6.1994255702302326e-06 -6.199518220470777e-06 3.179685386928348e-11
0.2871170343137255 -5.436213996290462e-06 -5.436062831250026e-06 3.181290978689375e-11
0.2890701593137255 -4.66260826215148e-06 -4.662751917584656e-06 3.182423849867318e-11
0.2910232843137255 -3.88045737054199e-06 -3.88024029437243e-06 3.1829901342544684e-11
0.2929764093137255 -3.0890666948835133e-06 -3.089189516010902e-06 3.1840280607194775e-11
0.2949295343137255 -2.290496922796592e-06 -2.290266810031035e-06 3.1840280607194775e-11
0.2968826593137255 -1.4840575204289053e-06 -1.4841439414634583e-06 3.1844054046483587e-11
0.2988357843137255 -6.717271503475786e-07 -6.714960439673823e-07 3.183839371984195e-11
0.3007889093137255 1.470118178303892e-07 1.4699946777720133e-07 3.183933717749614e-11
0.3027420343137255 9.70499854702211e-07 9.706640928365378e-07 3.1834619609620084e-11
0.3046951593137255 1.7988470517593669e-06 1.798819352660767e-06 3.183839371984195e-11
0.3066482843137255 2.6307604912290117e-06 2.6307879500113163e-06 3.184594059845932e-11
0.3086014093137255 3.4659169614315033e-06 3.465894910243511e-06 3.185725756420335e-11
0.3105545343137255 4.303502919356106e-06 4.303468654633534e-06 3.187893718573691e-11
0.3125076593137255 5.142870122654131e-06 5.142842140518569e-06 3.19015436917235e-11
0.3144607843137255 5.983356004435336e-06 5.983353931069425e-06 3.1925075113151154e-11
0.3164139093137255 6.824362117185956e-06 6.824349225626862e-06 3.19561100571811e-11
0.3183670343137255 7.665240445930976e-06 7.66518088732986e-06 3.198993202119765e-11
0.3203201593137255 8.505249752488453e-06 8.505210446117361e-06 3.202090410539925e-11
0.3222732843137255 9.343851161247585e-06 9.343808990360606e-06 3.205372058308886e-11
0.3242264093137255 1.0180367098655552e-05 1.0180358122092805e-05 3.2081822275195253e-11
0.3261795343137255 1.101431371353101e-05 1.101425078085508e-05 3.210709276854331e-11
0.3281326593137255 1.1844898835988715e-05 1.1844892007668639e-05 3.2117382454313147e-11
0.3300857843137255 1.267174866370624e-05 1.2671699778612834e-05 3.212766884455512e-11
0.3320389093137255 1.3494070117303636e-05 1.349410560402816e-05 3.213327821497666e-11
0.3339920343137255 1.4311573977465741e-05 1.4311555224786651e-05 3.2131408533642933e-11
0.3359451593137255 1.5123386219784152e-05 1.5123509127079233e-05 3.2129538743508755e-11
0.3378982843137255 1.5929450455587357e-05 1.5929443104213484e-05 3.2135147787528936e-11
0.3398514093137255 1.6728712580516003e-05 1.672884864835301e-05 3.214075585268682e-11
0.3418045343137255 1.7521380868856795e-05 1.7521233365106167e-05 3.2155705911453383e-11
0.3437576593137255 1.8306087440578267e-05 1.830612126405128e-05 3.217811797614431e-11
0.3457107843137255 1.9083272491116077e-05 1.9083053029628384e-05 3.221450432567115e-11
0.3476639093137255 1.985155358852353e-05 1.9851586169406064e-05 3.225923118417817e-11
0.3496170343137255 2.061149280052632e-05 2.0611295166579722e-05 3.23131935386458e-11
0.3515701593137255 2.1361649487516843e-05 2.13617715123838e-05 3.2370777959576017e-11
0.3535232843137255 2.210272941738367e-05 2.210262372496363e-05 3.243659584379822e-11
0.3554764093137255 2.2833346520201303e-05 2.2833477234874834e-05 3.2490263618592506e-11
0.3574295343137255 2.3554066501674242e-05 2.3553974324913366e-05 3.2543842890435715e-11
0.3593826593137255 2.4263634259114042e-05 2.4263773900098737e-05 3.258811773826361e-11
0.3613357843137255 2.496255729056429e-05 2.4962551247163485e-05 3.262036359721472e-11
0.3632889093137255 2.5649849703768268e-05 2.564999777694792e-05 3.2639695821337346e-11
0.3652420343137255 2.6325815269956365e-05 2.6325820654579204e-05 3.265073766733026e-11
0.3671951593137255 2.6989593607140705e-05 2.6989742438197786e-05 3.265073766733026e-11
0.3691482843137255 2.7641559427138418e-05 2.7641500619008465e-05 3.2652577611975e-11
0.3711014093137255 2.8280774131417274e-05 2.8280847149060557e-05 3.265073766733026e-11
0.3730545343137255 2.8907725209137425e-05 2.890754797427491e-05 3.2665454322612363e-11
0.3750076593137255 2.952132672362495e-05 2.9521382386707226e-05 3.269394899096422e-11
0.3769607843137255 3.0122282623779032e-05 3.0122142530240473e-05 3.273435044870868e-11
0.3789139093137255 3.070951788686216e-05 3.070963273710755e-05 3.2793943344296274e-11
0.3808670343137255 3.128373282379471e-05 3.1283668873215135e-05 3.2871709503633565e-11
0.3828201593137255 3.184390880051069e-05 3.18440776893915e-05 3.2974808780444514e-11
0.3847732843137255 3.2390733395004645e-05 3.239069610544021e-05 3.307940291189852e-11
0.3867264093137255 3.292322071501985e-05 3.292337050519549e-05 3.3184572577497144e-11
0.3886795343137255 3.344205833855085e-05 3.344195597792386e-05 3.328399546086579e-11
0.3906326593137255 3.394617306184955e-05 3.394631560017756e-05 3.337592294732486e-11
0.3925857843137255 3.443645982770249e-05 3.443631966974904e-05 3.344604995376605e-11
0.3945389093137255 3.4911725379060954e-05 3.4911844923377e-05 3.349451341057334e-11
0.3964920343137255 3.537293741828762e-05 3.5372773773408885e-05 3.3517822675691415e-11
0.3984451593137255 3.5818877222482115e-05 3.581899354632521e-05 3.3528575332550075e-11
0.4003982843137255 3.625050521804951e-05 3.625039571415524e-05 3.353036710678422e-11
0.4023514093137255 3.666674456326291e-05 3.666687515263477e-05 3.353126295799687e-11
0.4043045343137255 3.7068453821120784e-05 3.706832936585166e-05 3.3547384189015706e-11
0.4062576593137255 3.745455978787504e-05 3.7454657798903513e-05 3.358586469570061e-11
0.4082107843137255 3.782595376833342e-05 3.782576113176828e-05 3.3653769146957734e-11
0.4101639093137255 3.818162076640874e-05 3.818154062665913e-05 3.3768715434469636e-11
0.4121170343137255 3.852216832456179e-05 3.8521897419863925e-05 3.391340048772159e-11
0.4140701593137255 3.884682519128546e-05 3.884673205680335e-05 3.4083920555967174e-11
0.4160232843137255 3.915610068361275e-05 3.915594382567616e-05 3.427901381787744e-11
0.4179764093137255 3.944947093259543e-05 3.9449430334830936e-05 3.447474569409055e-11
0.4199295343137255 3.972714694100432e-05 3.9727087050870684e-05 3.465810711600087e-11
0.4218826593137255 3.998871397925541e-05 3.998880693729469e-05 3.4812040130532954e-11
0.4238357843137255 4.023444853373803e-05 4.023448015965726e-05 3.492403441170445e-11
0.4257889093137255 4.0463874029228464e-05 4.046399385233516e-05 3.499535098733893e-11
0.4277420343137255 4.0677099605090916e-05 4.067723198193925e-05 3.502709592164094e-11
0.4296951593137255 4.087387787876651e-05 4.087407529755369e-05 3.503052608332195e-11
0.4316482843137255 4.105417610844597e-05 4.105440136864897e-05 3.503224103821409e-11
0.4336014093137255 4.12178851547651e-05 4.121808469645128e-05 3.5053670895142085e-11
0.4355545343137255 4.1364772187080234e-05 4.136499694852917e-05 3.5124724260299306e-11
0.4375076593137255 4.149486994720064e-05 4.14950073477402e-05 3.5270660085252075e-11
0.4394607843137255 4.160784010309726e-05 4.160798303308144e-05 3.549309370025082e-11
0.4414139093137255 4.1703813622007146e-05 4.1703789604688664e-05 3.579647339831876e-11
0.4433670343137255 4.178228118689731e-05 4.178229182861185e-05 3.615883060957425e-11
0.4453201593137255 4.184351928415708e-05 4.1843354315525364e-05 3.655294619835333e-11
0.4472732843137255 4.188698949292302e-05 4.188684239949706e-05 3.693309888969717e-11
0.4492264093137255 4.19129355577752e-05 4.191262306685647e-05 3.726023348843928e-11
0.4511795343137255 4.192080450593494e-05 4.192056598661586e-05 3.7504512813370535e-11
0.4531326593137255 4.19108328060247e-05 4.191054461840967e-05 3.764920267790235e-11
0.4550857843137255 4.188260209048167e-05 4.188243743891211e-05 3.7701824362945956e-11
0.4570389093137255 4.18362942582462e-05 4.183612916486966e-05 3.770341781297363e-11
0.4589920343137255 4.1771476389840245e-05 4.177151208242539e-05 3.772094132066708e-11
0.4609451593137255 4.1688468627398834e-05 4.1688487431958645e-05 3.783861580481474e-11
0.4628982843137255 4.158681258559227e-05 4.1586966800371996e-05 3.812412268641404e-11
0.4648514093137255 4.1466821130597964e-05 4.146687351303968e-05 3.86406484253992e-11
0.4668045343137255 4.132793765165843e-05 4.1328144125277584e-05 3.937452632030446e-11
0.4687576593137255 4.117062781006098e-05 4.117072979127313e-05 4.026691819549976e-11
0.4707107843137255 4.099439684068784e-05 4.0994597678375197e-05 4.1197599215785076e-11
0.4726639093137255 4.079968130099587e-05 4.079973234076314e-05 4.201916328583253e-11
0.4746170343137255 4.058597551193088e-05 4.0586136990547494e-05 4.2598510692465616e-11
0.4765701593137255 4.035387610201724e-05 4.0353834746867716e-05 4.287614283082639e-11
0.4785232843137255 4.010280827060342e-05 4.0102869775651435e-05 4.2917457769114994e-11
0.4804764093137255 3.983346323366277e-05 3.983330826858214e-05 4.2957334463312325e-11
0.4824295343137255 3.954518251703121e-05 3.954523945557911e-05 4.340048142289748e-11
0.4843826593137255 3.923895565094426e-05 3.923877625067238e-05 4.467870343241445e-11
0.4863357843137255 3.89139968319796e-05 3.8914055941206705e-05 4.700362323484425e-11
0.4882889093137255 3.857145566144027e-05 3.8571240638058397e-05 5.009897246462256e-11
0.4902420343137255 3.821045538643375e-05 3.821051751225297e-05 5.31355821835168e-11
0.4921951593137255 3.783228021347895e-05 3.7832098921567504e-05 5.501974282868578e-11
0.4941482843137255 3.743607521755621e-05 3.7436222270726434e-05 5.526487908348228e-11
0.4961014093137255 3.702322646859102e-05 3.702314969726537e-05 5.651022766945093e-11
0.4980545343137255 3.659291178337298e-05 3.65931675908485e-05 6.896386671072895e-11
0.5000076593137255 3.614669549278915e-05 3.614658579946533e-05 1.0669177824305639e-10
0.5019607843137255 3.568376268958673e-05 3.5683736733397715e-05 1.772042702709383e-10
0.5039139093137255 3.520557947922498e-05 3.520497421022768e-05 2.860647033181904e-10
0.5058670343137255 3.471156014711596e-05 3.471067207981438e-05 4.41496241778795e-10
0.5078201593137255 3.420320354052819e-05 3.420122267561616e-05 6.544815611645282e-10
0.5097732843137255 3.3679985790513456e-05 3.3677035123500215e-05 9.385212795819749e-10
0.5117264093137255 3.314345303806476e-05 3.31385333563882e-05 1.3096323792812175e-09
0.5136795343137255 3.2593205105513334e-05 3.25861541299173e-05 1.7865134672042487e-09
0.5156326593137255 3.203090454917401e-05 3.2020344700607937e-05 2.390754983626992e-09
0.5175857843137255 3.145611844956875e-05 3.1441560600506594e-05 3.147081843161279e-09
0.5195389093137255 3.087050572503358e-05 3.085026310818612e-05 4.0836143837516746e-09
0.5214920343137255 3.0273802622105e-05 3.0246916746149735e-05 5.232146931903312e-09
0.5234451593137255 2.9667782655451447e-05 2.9631986721365566e-05 6.628419762171057e-09
0.5253982843137255 2.905221117543988e-05 2.900593629031371e-05 8.312397643875587e-09
0.5273514093137255 2.842892354237847e-05 2.836922414502083e-05 1.0328546100673032e-08
0.5293045343137255 2.7797696020570587e-05 2.7722301815004676e-05 1.2726107236150033e-08
0.5312576593137255 2.7160496756550856e-05 2.7065611143352033e-05 1.5559364355355227e-08
0.5332107843137255 2.6517047444940545e-05 2.6399581791569953e-05 1.8887894874580377e-08
0.5351639093137255 2.5869427190627903e-05 2.5724628915045418e-05 2.277681199477261e-08
0.5371170343137255 2.521734859328717e-05 2.504115092651731e-05 2.729699625364709e-08
0.5390701593137255 2.4563103579566814e-05 2.4349527446743816e-05 3.2525299744702825e-08
0.5410232843137255 2.390632471360732e-05 2.365011745522851e-05 3.8544724246832233e-08
0.5429764093137255 2.3249240257428028e-05 2.2943257616971087e-05 4.544458637877e-08
0.5449295343137255 2.259164466522634e-05 2.2229260874947533e-05 5.3320646519035894e-08
0.5468826593137255 2.1935778931947425e-05 2.150841532659922e-05 6.227519913225383e-08
0.5488357843137255 2.128136475221254e-05 2.0780983322722338e-05 7.241714452742154e-08
0.5507889093137255 2.0630710423574783e-05 2.0047200898773e-05 8.386200559030391e-08
0.5527420343137255 1.998362859012559e-05 1.930727751319991e-05 9.67319172675233e-08
0.5546951593137255 1.9342394807608798e-05 1.8561396079941205e-05 1.1115556275209886e-07
0.5566482843137255 1.870671803771984e-05 1.7809713392914558e-05 1.272680744979422e-07
0.5586014093137255 1.8078902940033004e-05 1.7052360785432453e-05 1.4521087988420607e-07
0.5605545343137255 1.745864028634969e-05 1.6289445211737952e-05 1.6513150075531996e-07
0.5625076593137255 1.6848327504703775e-05 1.5521050613226476e-05 1.8718330396631234e-07
0.5644607843137255 1.6247491657850333e-05 1.4747239619791302e-05 2.1152520244630002e-07
0.5664139093137255 1.5658548363717273e-05 1.3968055580538204e-05 2.3832129583415568e-07
0.5683670343137255 1.5081004676176235e-05 1.3183524882909637e-05 2.6774046870992504e-07
0.5703201593137255 1.4517208001052495e-05 1.239365955581785e-05 2.99955932458798e-07
0.5722732843137255 1.3966497135697864e-05 1.1598460164572638e-05 3.3514471315351463e-07
0.5742264093137255 1.3431265870167408e-05 1.0797918918731152e-05 3.734870958847139e-07
0.5761795343137255 1.2910763871332165e-05 9.992023049739289e-06 4.151660102802349e-07
0.5781326593137255 1.2407539543346502e-05 9.180758323976615e-06 4.6036637696191007e-07
0.5800857843137255 1.1920487850147765e-05 8.364112769400365e-06 5.09274406147498e-07
0.5820389093137255 1.1452208127593622e-05 7.542080488001463e-06 5.620768507135541e-07
0.5839920343137255 1.1001511666108854e-05 6.714665609926481e-06 6.189602276101287e-07
0.5859451593137255 1.057088502420811e-05 5.8818862631710035e-06 6.801099943484925e-07
0.5878982843137255 1.0158867553400341e-05 5.043778606404912e-06 7.457097023660042e-07
0.5898514093137255 9.768027666723356e-06 4.200400815421937e-06 8.159401161828599e-07
0.5918045343137255 9.396766472491436e-06 3.35183703167623e-06 8.909783149196417e-07
0.5937576593137255 9.047626917890739e-06 2.4982012241606587e-06 9.709967742377323e-07
0.5957107843137255 8.718774552107789e-06 1.6396409067418296e-06 1.0561624316429676e-06
0.5976639093137255 8.412671377300285e-06 7.763406945341429e-07 1.1466357562182428e-06
0.5996170343137255 8.127378350764047e-06 -9.14743343687458e-08 1.242569801057139e-06
0.6015701593137255 7.865228326409124e-06 -9.635355259664699e-07 1.3441092749420452e-06
0.6035232843137255 7.6241335591475945e-06 -1.8395278183868525e-06 1.451389615666172e-06
0.6054764093137255 7.406360964523628e-06 -2.7190871902061393e-06 1.5645360819342394e-06
0.6074295343137255 7.20975822332548e-06 -3.6017984552330433e-06 1.6836628699516203e-06
0.6093826593137255 7.036419447103981e-06 -4.487193421020565e-06 1.8088722563046603e-06
0.6113357843137255 6.883942205604399e-06 -5.374749411613335e-06 1.940253776516156e-06
0.6132889093137255 6.754396963515319e-06 -6.263888214108052e-06 2.0778834440197584e-06
0.6152420343137255 6.645291705353884e-06 -7.153975422284806e-06 2.2218230144593243e-06
0.6171951593137255 6.558564109582221e-06 -8.044320237225363e-06 2.372119302296606e-06
0.6191482843137255 6.491583462775452e-06 -8.934175672788043e-06 2.5288035546849e-06
0.6211014093137255 6.446154202421894e-06 -9.822739264276004e-06 2.6918908872375954e-06
0.6230545343137255 6.419619694497669e-06 -1.07091541553892e-05 2.8613797838651835e-06
0.6250076593137255 6.413451046682894e-06 -1.1592510711388324e-05 3.0372516703347105e-06
0.6269607843137255 6.425056653824868e-06 -1.2471848505464796e-05 3.2194705593186283e-06
0.6289139093137255 6.455636139435228e-06 -1.3346158793071246e-05 3.4079827750237492e-06
0.6308670343137255 6.502738870040048e-06 -1.4214387364704915e-05 3.6027167566129457e-06
0.6328201593137255 6.5672384153003804e-06 -1.5075437839344967e-05 3.803582946511169e-06
0.6347732843137255 6.646803285548231e-06 -1.592817531408571e-05 4.010473760679091e-06
0.6367264093137255 6.741955530742416e-06 -1.677143039171501e-05 4.223263646289883e-06
0.6386795343137255 6.85058330418542e-06 -1.760400354510897e-05 4.44180922595988e-06
0.6406326593137255 6.972805749683175e-06 -1.8424669773336648e-05 4.665949527480523e-06
0.6425857843137255 7.106696557457326e-06 -1.9232183558699126e-05 4.89550630085921e-06
0.6445389093137255 7.2521415859228e-06 -2.0025284038975614e-05 5.130284420864674e-06
0.6464920343137255 7.4074418989766855e-06 -2.0802700418826035e-05 5.370072370627342e-06
0.6484451593137255 7.572154572699219e-06 -2.156315751388909e-05 5.6146428105077315e-06
0.6503982843137255 7.744661161268596e-06 -2.2305381474459284e-05 5.863753223668608e-06
0.6523514093137255 7.924376404844224e-06 -2.302810555469337e-05 6.117146636731317e-06
0.6543045343137255 8.10976871434832e-06 -2.3730075980492146e-05 6.374552415096304e-06
0.6562576593137255 8.300119588966481e-06 -2.4410057795125292e-05 6.635687123610567e-06
0.6582107843137255 8.494016583426856e-06 -2.5066840708241277e-05 6.900255452558191e-06
0.6601639093137255 8.690723916515708e-06 -2.5699244866173988e-05 7.167951200770617e-06
0.6621170343137255 8.888830961950589e-06 -2.6306126517480833e-05 7.438458313337389e-06
0.6640701593137255 9.087564649234992e-06 -2.6886383549001227e-05 7.711451965341156e-06
0.6660232843137255 9.285446139983833e-06 -2.743896083378879e-05 7.986599688236204e-06
0.6679764093137255 9.481896995566785e-06 -2.7962855378307757e-05 8.263562531341314e-06
0.6699295343137255 9.675401088315994e-06 -2.8457121210754774e-05 8.5419962524817e-06
0.6718826593137255 9.865378160611726e-06 -2.892087401274865e-05 8.821552530876222e-06
0.6738357843137255 1.0050423043139745e-05 -2.9353295426263193e-05 9.10188019625078e-06
0.6757889093137255 1.0230082807538565e-05 -2.9753637054590305e-05 9.382626467244982e-06
0.6777420343137255 1.0402833140688017e-05 -3.0121224083623143e-05 9.663438191867149e-06
0.6796951593137255 1.0568372999841813e-05 -3.0455458555363676e-05 9.94396308434049e-06
0.6816482843137255 1.072514623956522e-05 -3.0755822227434e-05 1.022385095087884e-05
0.6836014093137255 1.0873276551137678e-05 -3.102187904761833e-05 1.050275489860642e-05
0.6855545343137255 1.1010881280526519e-05 -3.125327718813205e-05 1.078033252021205e-05
0.6875076593137255 1.1138474292238243e-05 -3.144975067609188e-05 1.1056247050161214e-05
0.6894607843137255 1.1254026503593195e-05 -3.161112057139978e-05 1.1330168484381618e-05
0.6914139093137255 1.135848378908122e-05 -3.173729572690692e-05 1.160177465962944e-05
0.6933670343137255 1.144953967013862e-05 -3.182827310297302e-05 1.1870752286089627e-05
0.6953201593137255 1.152848926722072e-05 -3.188413765770484e-05 1.2136797929225418e-05
0.6972732843137255 1.1592954251682386e-05 -3.190506180910794e-05 1.2399618935497653e-05
0.6992264093137255 1.1644574442470912e-05 -3.189130448468076e-05 1.2658934298433026e-05
0.7011795343137255 1.1680912393785547e-05 -3.1843209766786745e-05 1.2914475461159366e-05
0.7031326593137255 1.1703778909577522e-05 -3.1761205144510045e-05 1.316598705161657e-05
0.7050857843137255 1.1710801118169911e-05 -3.164579939841942e-05 1.3413227548610713e-05
0.7070389093137255 1.1704021744662896e-05 -3.149758012247181e-05 1.3655969875247648e-05
0.7089920343137255 1.1681042451527901e-05 -3.1317210919529975e-05 1.3894001918791802e-05
0.7109451593137255 1.1644063306448516e-05 -3.1105428275487016e-05 1.412712697474253e-05
0.7128982843137255 1.15909097075928e-05 -3.086303815120158e-05 1.4355164114639593e-05
0.7148514093137255 1.1523808097990695e-05 -3.0590912303731634e-05 1.457794847694426e-05
0.7168045343137255 1.144078851211816e-05 -3.0289984373616407e-05 1.479533148128036e-05
0.7187576593137255 1.1344023732817732e-05 -2.9961245757501338e-05 1.5007180965739319e-05
0.7207107843137255 1.1231750249862671e-05 -2.9605741295894906e-05 1.5213381249072666e-05
0.7226639093137255 1.1106324564025272e-05 -2.9224564804915182e-05 1.541383311840712e-05
0.7246170343137255 1.0965992260025814e-05 -2.881885447798552e-05 1.5608453744579094e-05
0.7265701593137255 1.0813198969117366e-05 -2.83897881882096e-05 1.5797176527053078e-05
0.7285232843137255 1.0646416740200948e-05 -2.7938578714338728e-05 1.5979950870997843e-05
0.7304764093137255 1.0468039363331627e-05 -2.7466468924287933e-05 1.6156741899429026e-05
0.7324295343137255 1.027665439323755e-05 -2.6974726936754874e-05 1.6327530103458357e-05
0.7343826593137255 1.007467471936252e-05 -2.646464129132254e-05 1.6492310934397723e-05
0.7363357843137255 9.860944373940583e-06 -2.5937516151545433e-05 1.6651094341082215e-05
0.7382889093137255 9.637833500164561e-06 -2.5394666561731732e-05 1.680390425677217e-05
0.7402420343137255 9.404295269632712e-06 -2.4837413787411185e-05 1.6950778039643195e-05
0.7421951593137255 9.162658898276277e-06 -2.4267080752373226e-05 1.709176587121943e-05
0.7441482843137255 8.912096745916642e-06 -2.3684987603174837e-05 1.7226930117330196e-05
0.7461014093137255 8.654936209495645e-06 -2.309244740792007e-05 1.7356344656213225e-05
0.7480545343137255 8.390295988647267e-06 -2.2490762020522786e-05 1.7480094178354685e-05
0.7500076593137255 8.120604434225243e-06 -2.1881218111542204e-05 1.7598273462908317e-05
0.7519607843137255 7.845043910492677e-06 -2.1265083394692438e-05 1.7710986635415317e-05
0.7539139093137255 7.566051408502972e-06 -2.0643603047978763e-05 1.7818346411478917e-05
0.7558670343137255 7.282759270310635e-06 -2.0017996352003175e-05 1.792047333111137e-05
0.7578201593137255 6.997576292633312e-06 -1.938945354485743e-05 1.801749498832644e-05
0.7597732843137255 6.709712124575162e-06 -1.8759132909407724e-05 1.8109545260415194e-05
0.7617264093137255 6.421580110327341e-06 -1.812815809277528e-05 1.819676354122007e-05
0.7636795343137255 6.132291218818864e-06 -1.7497615666226972e-05 1.8279293982545294e-05
0.7656326593137255 5.844323368364712e-06 -1.6868552925983792e-05 1.8357284747650223e-05
0.7675857843137255 5.556777068704832e-06 -1.624197593710509e-05 1.84308872805797e-05
0.7695389093137255 5.2721384236065205e-06 -1.561884782101722e-05 1.850025559473186e-05
0.7714920343137255 4.98924464409356e-06 -1.5000087282611272e-05 1.856554558398004e-05
0.7734451593137255 4.710727353085531e-06 -1.4386567377655611e-05 1.8626914359215937e-05
0.7753982843137255 4.435261871549301e-06 -1.377911451230386e-05 1.868451961301867e-05
0.7773514093137255 4.165562586422311e-06 -1.3178507673238495e-05 1.8738519014804658e-05
0.7793045343137255 3.900100182363531e-06 -1.2585477879312936e-05 1.878906963845659e-05
0.7812576593137255 3.641621560745989e-06 -1.2000707848977173e-05 1.8836327424235786e-05
0.7832107843137255 3.3886026358231902e-06 -1.14248318747809e-05 1.888044667633438e-05
0.7851639093137255 3.143570211250335e-06 -1.0858435895822345e-05 1.8921579597214404e-05
0.7871170343137255 2.9049519980617333e-06 -1.0302057759654941e-05 1.8959875859497643e-05
0.7890701593137255 2.675204541446874e-06 -9.756187661391509e-06 1.8995482215902002e-05
0.7910232843137255 2.4527801087970147e-06 -9.221268752168637e-06 1.9028542147412373e-05
0.7929764093137255 2.2400292891688878e-06 -8.697697902874228e-06 1.9059195549590526e-05
0.7949295343137255 2.0352154024294578e-06 -8.185826614658315e-06 1.9087578456658074e-05
0.7968826593137255 1.8407421293886728e-06 -7.68596206230198e-06 1.9113822802718935e-05
0.7988357843137255 1.6547221548535163e-06 -7.198368260557571e-06 1.9138056219271997e-05
0.8007889093137255 1.4794007938689901e-06 -6.723267340300632e-06 1.9160401867929104e-05
0.8027420343137255 1.3128554883223842e-06 -6.260840923987922e-06 1.9180978307066602e-05
0.8046951593137255 1.157272890850436e-06 -5.811231587981311e-06 1.919989939094962e-05
0.8066482843137255 1.0107273737958167e-06 -5.374544400569373e-06 1.921727419973526e-05
0.8086014093137255 8.751781592764019e-07 -4.9508485246441876e-06 1.9233206998614098e-05
0.8105545343137255 7.486871709261322e-07 -4.540178873589481e-06 1.924779722425743e-05
0.8125076593137255 6.33116144399537e-07 -4.14253781067641e-06 1.9261139496641456e-05
0.8144607843137255 5.264165565677099e-07 -3.7578968804153856e-06 1.9273323654269377e-05
0.8164139093137255 4.30411716934032e-07 -3.3861985635995264e-06 1.928443481077596e-05
0.8183670343137255 3.4294671991119685e-07 -3.027358045093794e-06 1.9294553430872106e-05
0.8203201593137255 2.6586371859593825e-07 -2.681264987027024e-06 1.9303755423604487e-05
0.8222732843137255 1.9692420494266074e-07 -2.3477852976418622e-06 1.9312112250913423e-05
0.8242264093137255 1.3779411744963e-07 -2.026762889076058e-06 1.9319691049524247e-05
0.8261795343137255 8.621658054153158e-08 -1.7180214158742038e-06 1.932655476425319e-05
0.8281326593137255 4.387487706480897e-08 -1.421365988197592e-06 1.9332762290882754e-05
0.8300857843137255 8.340304447074232e-09 -1.1365848529967163e-06 1.933836862683883e-05
0.8320389093137255 -1.8662799305957378e-08 -8.634510377967374e-07 1.9343425027994856e-05
0.8339920343137255 -3.953256921818138e-08 -6.017239519068494e-07 1.9347979170025968e-05
0.8359451593137255 -5.2656602633760485e-08 -3.5115094050089594e-07 1.9352075312842212e-05
0.8378982843137255 -6.045789291420078e-08 -1.1146878761487824e-07 1.935575446673924e-05
0.8398514093137255 -6.141242891999354e-08 1.1759483545463683e-07 1.935905455901891e-05
0.8418045343137255 -5.801451052889206e-08 3.3631997932175204e-07 1.936201059994679e-05
0.8437576593137255 -4.8532491803143785e-08 5.449930856550704e-07 1.936465484702769e-05
0.8457107843137255 -3.564451134252522e-08 7.439057184147632e-07 1.9367016966695443e-05
0.8476639093137255 -1.7604911306534632e-08 9.333533585221973e-07 1.9369124192622278e-05
0.8496170343137255 2.853596692276028e-09 1.113634263328058e-06 1.9371001479962503e-05
0.8515701593137255 2.7618222375735968e-08 1.2850483912697083e-06 1.937267165494778e-05
0.8535232843137255 5.376869793849437e-08 1.4478963923695098e-06 1.9374155559349417e-05
0.8554764093137255 8.331237921765933e-08 1.602478664175855e-06 1.9375472189416775e-05
0.8574295343137255 1.1333022342796539e-07 1.749094473070449e-06 1.937663882898552e-05
0.8593826593137255 1.4592666275348165e-07 1.8880411400839318e-06 1.9377671176531844e-05
0.8613357843137255 1.7817001207731664e-07 2.019613290249181e-06 1.9378583466020087e-05
0.8632889093137255 2.12023252288418e-07 2.1441021644273495e-06 1.9379388581459184e-05
0.8652420343137255 2.448220470796518e-07 2.26179499193583e-06 1.9380098165142973e-05
0.8671951593137255 2.783768593417335e-07 2.3729744225465914e-06 1.938072271960237e-05
0.8691482843137255 3.1009693657324533e-07 2.4779180158389944e-06 1.938127170334479e-05
0.8711014093137255 3.417286791318479e-07 2.5768977860730664e-06 1.938175362049635e-05
0.8730545343137255 3.709903637627576e-07 2.6701798003481207e-06 1.9382176104497276e-05
0.8750076593137255 3.9945163621268875e-07 2.7580238279283674e-06 1.9382545996029952e-05
0.8769607843137255 4.2498584207351044e-07 2.84068303833359e-06 1.938286941538275e-05
0.8789139093137255 4.489511127303554e-07 2.9184037458702453e-06 1.93831518294718e-05
0.8808670343137255 4.6963992872406337e-07 2.991425198166734e-06 1.9383398113757232e-05
0.8828201593137255 4.881659947386652e-07 3.059979406224186e-06 1.938361260930087e-05
0.8847732843137255 5.031261594012904e-07 3.1242910135581543e-06 1.9383799175219143e-05
0.8867264093137255 5.154604991730594e-07 3.184577201888576e-06 1.9383961236788355e-05
0.8886795343137255 5.240149221208408e-07 3.241047631001509e-06 1.9384101829460184e-05
0.8906326593137255 5.296133167576045e-07 3.293904410256854e-06 1.9384223639043403e-05
0.8925857843137255 5.312118673828081e-07 3.3433420994379255e-06 1.9384329038303734e-05
0.8945389093137255 5.295203209243482e-07 3.389547736515508e-06 1.938442012022808e-05
0.8964920343137255 5.238272819951817e-07 3.4327008901049243e-06 1.9384498728191872e-05
0.8984451593137255 5.146914645592915e-07 3.472973734341838e-06 1.9384566483260023e-05
0.9003982843137255 5.016107706978805e-07 3.5105311440696558e-06 1.938462480884219e-05
0.9023514093137255 4.850011805501708e-07 3.54553080823302e-06 1.9384674952913156e-05
0.9043045343137255 4.645424951377204e-07 3.578123359519462e-06 1.9384718007998244e-05
0.9062576593137255 4.406428786296601e-07 3.6084525183275737e-06 1.9384754929112797e-05
0.9082107843137255 4.129346109493781e-07 3.636655249269486e-06 1.938478654983349e-05
0.9101639093137255 3.8191615203686567e-07 3.6628619284837567e-06 1.938481359666816e-05
0.9121170343137255 3.473764991213102e-07 3.6871965201373863e-06 1.9384836701879692e-05
0.9140701593137255 3.097317176070642e-07 3.7097767605979053e-06 1.9384856414908628e-05
0.9160232843137255 2.6873749447986484e-07 3.730714348834943e-06 1.9384873212528702e-05
0.9179764093137255 2.2484083217477704e-07 3.7501151417268556e-06 1.9384887507859125e-05
0.9199295343137255 1.779145577529566e-07 3.7680793530160216e-06 1.9384899658347788e-05
0.9218826593137255 1.2830901141569484e-07 3.784701754778388e-06 1.93849099728301e-05
0.9238357843137255 7.601123996892056e-08 3.800071880331704e-06 1.938491871775937e-05
0.9257889093137255 2.12725854709106e-08 3.8142742276239967e-06 1.9384926122696255e-05
0.9277420343137255 -3.573639517640004e-08 3.8273884622042474e-06 1.9384932385136905e-05
0.9296951593137255 -9.489303920418024e-08 3.839489618977487e-06 1.9384937674752147e-05
0.9316482843137255 -1.5606764236508752e-07 3.8506483020161835e-06 1.938494213710316e-05
0.9336014093137255 -2.1911517933403957e-07 3.860930881777491e-06 1.9384945896892686e-05
0.9355545343137255 -2.8384792472024856e-07 3.87039968915034e-06 1.9384949060805163e-05
0.9375076593137255 -3.5021420785597e-07 3.879113205821259e-06 1.9384951719983505e-05
0.9394607843137255 -4.179370023393858e-07 3.887126250517763e-06 1.9384953952185477e-05
0.9414139093137255 -4.871087071478541e-07 3.894490160742553e-06 1.9384955823658018e-05
0.9433670343137255 -5.572591703639773e-07 3.901252969677725e-06 1.9384957390763774e-05
0.9453201593137255 -6.287511951086344e-07 3.907459577983245e-06 1.9384958701390236e-05
0.9472732843137255 -7.010335707491322e-07 3.913151920270997e-06 1.9384959796168696e-05
0.9492264093137255 -7.745401831016352e-07 3.9183691260782155e-06 1.9384960709526898e-05
0.9511795343137255 -8.485796456625394e-07 3.923147675208128e-06 1.938496147059667e-05
0.9531326593137255 -9.237129461325821e-07 3.927521547345399e-06 1.9384962103995342e-05
0.9550857843137255 -9.993036655941978e-07 3.931522365889202e-06 1.9384962630497317e-05
0.9570389093137255 -1.0759000588222989e-06 3.935179535980431e-06 1.9384963067610506e-05
0.9589920343137255 -1.1529402854648652e-06 3.938520376728347e-06 1.938496343007018e-05
0.9609451593137255 -1.2310307511143037e-06 3.941570247669667e-06 1.9384963730261548e-05
0.9628982843137255 -1.3096711199978017e-06 3.944352669515733e-06 1.9384963978580715e-05
0.9648514093137255 -1.3893660479880054e-06 3.946889439265757e-06 1.9384964183742588e-05
0.9668045343137255 -1.4696669268232654e-06 3.949200739782091e-06 1.9384964353043078e-05
0.9687576593137255 -1.5512080153712304e-06 3.95130524393963e-06 1.9384964492582127e-05
0.9707107843137255 -1.6335385453203344e-06 3.953220213475894e-06 1.9384964607453025e-05
0.9726639093137255 -1.7173343849208322e-06 3.954961592679634e-06 1.9384964701903e-05
0.9746170343137255 -1.8021677306023776e-06 3.956544097066278e-06 1.93849647794691e-05
0.9765701593137255 -1.888678184513993e-06 3.957981297196081e-06 1.9384964843093126e-05
0.9785232843137255 -1.9765482193179196e-06 3.959285697797798e-06 1.9384964895218615e-05
0.9804764093137255 -2.0663649138441542e-06 3.960468812365238e-06 1.938496493787261e-05
0.9824295343137255 -2.157805965907756e-06 3.961541233397641e-06 1.9384964972734473e-05
0.9843826593137255 -2.2516805984196253e-06 3.962512698457352e-06 1.938496500119373e-05
0.9863357843137255 -2.3475540729123168e-06 3.963392152218807e-06 1.93849650243986e-05
0.9882889093137255 -2.4462979126838036e-06 3.964187804683555e-06 1.938496504329671e-05
0.9902420343137255 -2.5474193989793994e-06 3.964907185734541e-06 1.9384965058669116e-05
0.9921951593137255 -2.6518787308305028e-06 3.9655571962018335e-06 1.938496507115876e-05
0.9941482843137255 -2.759157041509753e-06 3.966144155608948e-06 1.9384965081294227e-05
0.9961014093137255 -2.8701472274406123e-06 3.966673846766559e-06 1.938496508950954e-05
0.9980545343137255 -2.984436150654802e-06 3.967151557376195e-06 1.93849650961606e-05
1.0000076593137255 -3.1028851026349002e-06 3.96758211880305e-06 1.9384965101538907e-05
